20	9.98964662435079
20.290906698750476	9.99543184476532
20.586044732869844	10.001221375400197
20.885475648548283	10.007018821936793
21.189261887185914	10.012824839824699
21.49746679841394	10.018635652368179
21.810154653305165	10.024442358338902
22.12739065777668	10.030230472383229
22.449240966187475	10.035980122265114
22.77577269513385	10.041666913155995
23.107053937445478	10.047262914881767
23.44315377638505	10.052737650211823
23.784142300054445	10.058059244617361
24.130090616010463	10.063196180358311
24.481070866093134	10.06811911882702
24.837156241469714	10.072801972387037
25.1984209978975	10.077221823500416
25.56494047120865	10.081358689884935
25.936791093020236	10.085195290458524
26.3140504066728	10.088716401607341
26.69679708340074	10.091908235509043
27.08511093873791	10.094757989399072
27.47907294916184	10.097253572688716
27.878765268980047	10.099383517729981
28.284271247461966	10.101137079240065
28.695675446220072	10.102504526563466
29.11306365684382	10.10347748929148
29.536522918790062	10.104048929526119
29.966141537533712	10.104213167543213
30.402009102982383	10.103966102122591
30.844216508158908	10.103305622992862
31.29285596815558	10.102232066739068
31.74802103936409	10.100748276164055
32.20980663898519	10.098859539106297
32.67830906482211	10.096573102705833
33.153626015361866	10.093897680281673
33.63585661014871	10.090842931642548
34.125101410453844	10.087418458410829
34.62146244024586	10.083632728306558
35.12504320746613	10.079492051611282
35.635948725613716	10.074999587766346
36.15428553564419	10.070154509116975
36.68016172818701	10.064951599151058
37.21368696608603	10.05938052975239
37.754972507267915	10.053425696141566
38.30413122794313	10.047066602772448
38.86127764614443	10.040277899767627
39.4265279456077	10.033029665713316
40.000000000000206	10.02528733537604
40.58181339750116	10.01701218300767
41.1720894657399	10.008162218947536
41.77095129709678	9.998692140352881
42.37852377437204	9.988553564469823
42.9949335968281	9.977695405191385
43.62030930661056	9.966064410580447
44.25478131555359	9.95360618847489
44.89848193237519	9.94026580842924
45.55154539026795	9.925988305680239
46.21410787489121	9.910719258439949
46.88630755277036	9.89440529588413
47.56828460010916	9.876994233496937
48.260181232021196	9.858435636713327
48.962141732186545	9.838681026968489
49.674312482939705	9.817684053393132
50.39684199579528	9.795400630545473
51.129880942417586	9.771788555132954
51.873582186040764	9.746807079461643
52.628100813345895	9.720416432132609
53.393594166801776	9.69257678264637
54.17022187747612	9.663247126801984
54.95814589832399	9.632384411707896
55.75753053796041	9.599943392523627
56.56854249492426	9.565876717105345
57.39135089244048	9.530135065447233
58.226127313687975	9.492667167290575
59.073045837580466	9.45341952325825
59.932283075067765	9.412337193814322
60.804018205965114	9.369364291199618
61.68843301631817	9.324444348590392
62.58571193631152	9.277520742990141
63.49604207872855	9.228537179890761
64.41961327797075	9.177438249952978
65.35661812964459	9.124170070085334
66.3072520307241	9.068681023299604
67.27171322029778	9.010922432322523
68.25020282090806	8.95084882106695
69.2429248804921	8.888418866423077
70.25008641493265	8.823596701554695
71.27189745122783	8.756353225648562
72.30857107128878	8.68666688062486
73.36032345637442	8.614524650668601
74.42737393217246	8.539923863780977
75.50994501453623	8.462873874600367
76.60826245588666	8.38339801096334
77.72255529228926	8.301533480613164
78.85305589121582	8.217329966491398
80.00000000000082	8.13084764666219
81.16362679500274	8.042155780111312
82.34417893148023	7.951331052653445
83.541902594194	7.858456447004341
84.75704754874454	7.76361981705875
85.98986719365665	7.6669131467264755
87.24061861322157	7.568432074734203
88.50956263110764	7.468275468400163
89.79696386475084	7.366545033090872
91.10309078053635	7.263344948819958
92.42821574978288	7.1587815305344975
93.77261510554118	7.05296291399329
95.13656920021877	6.945998990252392
96.52036246404286	6.838002034619402
97.92428346437356	6.729086979876056
99.34862496587989	6.619372222086309
100.79368399159105	6.508979889510274
102.25976188483567	6.398036034597693
103.74716437208203	6.286670993904257
105.25620162669229	6.175019714102829
106.78718833360406	6.063221378923507
108.34044375495276	5.951419027520834
109.9162917966485	5.839759404827467
111.51506107592134	5.728392817981891
113.13708498984903	5.617472289004561
114.78270178488147	5.507152453529483
116.45225462737648	5.39758794379319
118.14609167516147	5.288932433404293
119.86456615013608	5.181337104209886
121.60803641193078	5.074948986425335
123.3768660326369	4.969909379926932
125.17142387262359	4.8663523206794626
126.99208415745765	4.764403054803088
128.83922655594208	4.6641764830946775
130.71323625928977	4.5657758034324205
132.61450406144883	4.469292377954601
134.5434264405962	4.374806833507429
136.50040564181674	4.282390344901285
138.48584976098482	4.1921058273080725
140.50017282986593	4.104009302419879
142.5437949024563	4.018151982137655
144.61714214257822	3.934581409107544
146.7206469127495	3.8533424641506993
148.8547478643456	3.7744787726304034
151.01989002907314	3.6980321969680414
153.216524911774	3.6240426460460924
155.4451105845792	3.552547858663896
157.70611178243232	3.4835828072021933
160.00000000000236	3.417178641820626
162.3272535900062	3.353361086029082
164.6883578629612	3.292148497426929
167.08380518838874	3.233550430702566
169.51409509748981	3.1775660167971163
171.97973438731407	3.1241827177212587
174.4812372264439	3.073375095121362
177.01912526221608	3.0251051681471566
179.5939277295025	2.9793227455061015
182.20618156107355	2.935966059051566
184.85643149956664	2.8949623893603618
187.54523021108326	2.856230751466959
190.27313840043846	2.819685371550642
193.04072492808663	2.785237975231902
195.84856692874806	2.752801730342775
198.69724993176072	2.7222951852417654
201.58736798318304	2.693645560526653
204.5195237696723	2.666791429110241
207.49432874416505	2.6416848020417047
210.5124032533856	2.618292991706922
213.57437666720915	2.5966009770078196
216.68088750990657	2.5766119420629057
219.83258359329807	2.55834661611963
223.03012215184378	2.541841229266731
226.2741699796992	2.527143477874005
229.5654035697641	2.51430983605838
232.90450925475412	2.5034019748433702
236.2921833503241	2.4944820184171976
239.72913230027333	2.487608822891765
243.21607282386276	2.4828337802557323
246.75373206527502	2.4801988670128527
250.34284774524843	2.479733729982103
253.9841683149166	2.4814533273198958
257.67845311188546	2.4853555092317468
261.42647251858085	2.491419756565186
265.22900812289896	2.4996070162353767
269.08685288119375	2.509859718106682
273.0008112836349	2.522103867085929
276.97169952197106	2.5362500244761605
281.00034565973334	2.552196161994194
285.0875898049141	2.5698291919764875
289.23428428515797	2.589027340870952
293.44129382550057	2.609662632643853
297.7094957286928	2.6316027516186726
302.0397800581479	2.654711550835162
306.4330498235497	2.6788516507869904
310.89022116916016	2.7038874097550947
315.41222356486645	2.72968487952037
320.00000000000654	2.7561111921379395
324.6545071800142	2.7830315012113513
329.3767157259242	2.8103071742165593
334.16761037677935	2.8377956617490523
339.02819019498156	2.8653484675507737
343.95946877463007	2.892808784600716
348.9624744528898	2.9200098556028817
354.03825052443415	2.946774612463975
359.187855459007	2.9729165919063374
364.4123631221491	2.9982402865205056
369.71286299913527	3.0225415893180427
375.0904604221685	3.0456103261060425
380.54627680087896	3.067231781275112
386.08144985617537	3.0871886455760484
391.6971338574982	3.1052628784104637
397.3944998635236	3.1212404157757923
403.1747359663683	3.1349189982364964
409.0390475393468	3.1461151659031685
414.9886574883323	3.154671945516039
421.0248065067734	3.160465811962394
427.1487533344206	3.163412055805195
433.3617750198154	3.1634675083049117
439.6651671865984	3.1606346898298128
446.06024430368984	3.1549628948365593
452.54833995940066	3.1465444512854313
459.13080713953053	3.1355072952679848
465.8090185095106	3.1220089462106784
472.58436670065066	3.1062295944583673
479.45826460054917	3.0883626015465557
486.432145647728	3.0686030942022127
493.50746413055253	3.0471387719820666
500.6856954904994	3.024139323699594
507.9683366298358	2.999751546510367
515.3569062237735	2.9740975995937764
522.8529450371643	2.9472729392055745
530.4580162458005	2.9193479683938834
538.1737057623901	2.890369127603354
546.0016225672724	2.860363925935178
553.9433990439449	2.8293477694505835
562.0006913194694	2.7973314784215835
570.1751796098309	2.7643294050765763
578.4685685703187	2.7303670060656495
586.8825876510039	2.6954855984506008
595.4189914573883	2.6597494319686907
604.0795601162986	2.6232504236968417
612.8660996471021	2.586114522433854
621.780442338323	2.5485033067998035
630.8244471297356	2.5106120482898313
640.0000000000159	2.47266650030038
649.3090143600314	2.434922955569072
658.7534314518515	2.397661348915213
668.3352207535618	2.36117927022506
678.0563803899662	2.3257847215503693
687.9189375492632	2.291789177333819
697.9249489057827	2.2595011753966148
708.0765010488715	2.229221994153164
718.3757109180171	2.2012395920052503
728.8247262443015	2.1758266667946518
739.425725998274	2.1532376247939657
750.1809208443404	2.1337035406131615
761.0925536017613	2.1174316618447366
772.1628997123541	2.1046014726629534
783.3942677149998	2.095364601892255
794.7889997270506	2.089848585005423
806.34947193274	2.0881583831584005
818.0780950786972	2.090379244906957
829.9773149766683	2.0965798518817036
842.0496130135506	2.1068115017058613
854.2975066688449	2.121112885816476
866.7235500396347	2.139516586867531
879.3303343732008	2.1620533053827304
892.1204886073838	2.1887477516047715
905.0966799188055	2.219613018512777
918.2616142790653	2.25465073574487
931.6180370190256	2.2938512371290547
945.1687334013056	2.3371917437139498
958.9165292011028	2.3846346585707767
972.8642912954606	2.4361325250094485
987.0149282611097	2.4916318767972747
1001.3713909810035	2.5510700894250715
1015.9366732596762	2.6143766277447877
1030.7138124475518	2.681470709134542
1045.7058900743334	2.7522630676894773
1060.916032491606	2.826646653517232
1076.3474115247852	2.9044963851248418
1092.0032451345498	2.9856749719371267
1107.8867980878947	3.0700344811698193
1124.0013826389438	3.1574129659270125
1140.350359219667	3.247630883623247
1156.9371371406426	3.3404951916018435
1173.765175302013	3.4357980583657435
1190.837982914782	3.533315967887063
1208.1591202326028	3.632810021696291
1225.73219929421	3.734043048636113
1243.5608846766518	3.836791835831583
1261.648894259477	3.940858590116273
1280.0000000000375	4.046076246387232
1298.6180287200684	4.152307854423742
1317.5068629037087	4.259446262284708
1336.6704415071292	4.3674233911322125
1356.112760779938	4.476211406101089
1375.8378750985323	4.585823776225958
1395.8498978115715	4.69631664034053
1416.153002097749	4.807783061149621
1436.7514218360407	4.920357023099389
1457.6494524886093	5.034206501191001
1478.8514519965543	5.149523708626341
1500.3618416886875	5.266528248443321
1522.1851072035295	5.385479136016591
1544.3257994247153	5.50667401802985
1566.788535430007	5.630432602007973
1589.5779994541087	5.757090451050297
1612.6989438654878	5.886999502344898
1636.156190157402	6.020512922018655
1659.9546299533442	6.157967121659846
1684.099226027109	6.299683937322562
1708.5950133376978	6.445964867491116
1733.4471000792773	6.597092353551036
1758.6606687464096	6.753324054232844
1784.2409772147755	6.914886629562061
1810.193359837619	7.081971522310049
1836.5232285581387	7.254741825493044
1863.2360740380593	7.43332742080739
1890.3374668026197	7.617808108387506
1917.833058402214	7.80822071192266
1945.7285825909298	8.004576567277446
1974.0298565222283	8.206876230936983
2002.7427819620161	8.415101646055746
2031.8733465193618	8.629203905245435
2061.4276248951132	8.84909364339266
2091.411780148677	9.074636346363107
2121.832064983222	9.305649536887222
2152.694823049581	9.541879112012303
2184.0064902691106	9.782961904699885
2215.7735961758003	10.028407755572054
2248.002765277899	10.27758832906203
2280.7007184393456	10.529725385242404
2313.874274281297	10.78390891954127
2347.530350604038	11.039094231681597
2381.6759658295764	11.294098108586134
2416.318240465218	11.547622189580842
2451.4643985884327	11.798261284658007
2487.1217693533167	12.0445214706403
2523.2977885189675	12.284842982885804
2560.0000000000887	12.51763730736827
2597.236057440151	12.741322647829056
2635.0137258074315	12.954342476140601
2673.340883014273	13.155181174142072
2712.225521559891	13.342369246436265
2751.6757501970797	13.514500531691953
2791.699795623158	13.670270777056832
2832.3060041955137	13.808486064873303
2873.502843672097	13.928084697823053
2915.2989049772345	14.028186815672857
2957.7029039931244	14.108127573217846
3000.723683377391	14.167463344675168
3044.370214407075	14.205974795309501
3088.6515988494466	14.223662142639645
3133.57707086003	14.220763830858749
3179.1559989082334	14.19772876777631
3225.3978877309914	14.155191496122626
3272.3123803148205	14.093910100560807
3319.9092599067053	14.014714697971321
3368.198452054235	13.918459497327035
3417.190026675413	13.806012186922466
3466.8942001585724	13.6782150333888
3517.3213374928373	13.535898924450825
3568.4819544295697	13.379863849252772
3620.386719675257	13.210825070090566
3673.0464571162966	13.029420906731469
3726.472148076138	12.836299367744171
3780.6749336052594	12.632193297940027
3835.6661168044484	12.418024373813614
3891.45716518188	12.194922202484104
3948.059713044477	11.964162959377346
4005.4855639240527	11.727159191748612
4063.746693038744	11.485444059038777
4122.855249790247	11.240662675468036
4182.823560297375	10.994542462169452
4243.664129966465	10.7488446585179
4305.389646099183	10.505262306892472
4368.012980538242	10.26535285629579
4431.5471923516225	10.030478834782889
4496.00553055582	9.801777416614085
4561.401436878714	9.580128224932787
4627.748548562617	9.36612668949171
4695.060701208099	9.160145463983065
4763.351931659176	8.962347128875763
4832.63648093046	8.772701933067916
4902.928797176889	8.591108566760763
4974.243538706657	8.41749156890432
5046.595577037959	8.25178925700898
5120.000000000202	8.094017541122286
5194.472114880326	7.9442416593261065
5270.027451614888	7.80252305606901
5346.6817660285715	7.6688640851997185
5424.451043119808	7.543137832134036
5503.351500394186	7.425047287125618
5583.399591246343	7.314234404384513
5664.612008391055	7.21031676984062
5747.005687344222	7.112852945117403
5830.597809954497	7.021339114721233
5915.405807986278	6.935318272009637
6001.447366754812	6.854455855784346
6088.740428814181	6.778414099071524
6177.303197698925	6.706985891650561
6267.154141720092	6.640121261311944
6358.3119978165005	6.57779864334956
6450.795775462017	6.519922228851924
6544.624760629676	6.466143125407052
6639.818519813445	6.415766990012498
6736.396904108505	6.367704416928845
6834.380053350861	6.320546899622931
6933.788400317181	6.272609137974299
7034.642674985712	6.221963788319024
7136.963908859177	6.166400905609427
7240.773439350552	6.103352847306422
7346.092914232631	6.030031768995372
7452.944296152315	5.943425624293291
7561.349867210557	5.840125776139636
7671.332233608935	5.7164876602182195
7782.914330363799	5.568744986608694
7896.119426088994	5.392971063132089
8010.971127848146	5.185387112853328
8127.49338607753	4.942784835896463
8245.710499580537	4.662906361045443
8365.647120594791	4.344865655992402
8487.328259932974	3.9896236565343597
8610.77929219841	3.6002942512199048
8736.025961076528	3.182805880000145
8863.094384703289	2.7463390449406275
8992.011061111683	2.303636077815441
9122.802873757471	1.8707512025084556
9255.497097125279	1.4661640481051474
9390.121402416245	1.1091368228837009
9526.7038633184	0.8170798376221201
9665.272961860968	0.6024050085497501
9805.857594353829	0.46992672019272147
9948.487077413367	0.41547721112623864
10093.19115407597	0.42625018536787185
10240.000000000457	0.4834583387862509
10388.944229760706	0.5659121821174773
10540.05490322983	0.6529591896490202
10693.363532057198	0.7269211950298032
10848.902086239672	0.7743326185148565
11006.703000788428	0.7862029030811437
11166.799182492743	0.7576839755918858
11329.224016782166	0.687338705296375
11494.0113746885	0.5765474702181935
11661.195619909053	0.42890135611285246
11830.811615972614	0.24987393661671145
12002.894733509682	0.04652343431062364
12177.48085762842	-0.17266593913439465
12354.606395397908	-0.3983135431019322
12534.308283440243	-0.6201708548340377
12716.62399563306	-0.8279876115430348
12901.591550924093	-1.0139630526851
13089.249521259411	-1.173042736250651
13279.637039626952	-1.3010606833896916
13472.793808217073	-1.3959107430794733
13668.760106701786	-1.460069541574788
13867.576800634426	-1.4998986348806667
14069.285349971487	-1.5233500659978867
14273.927817718419	-1.5369748784586261
14481.54687870117	-1.5443791511002978
14692.18582846533	-1.5452701131249498
14905.888592304698	-1.5360370507749026
15122.699734421185	-1.5105335036748186
15342.664467217943	-1.462249946154775
15565.828660727671	-1.385775406944645
15792.238852178061	-1.277758108728908
16021.942255696367	-1.1379691642152026
16254.986772155136	-0.9695588778297736
16491.42099916115	-0.778479849887289
16731.294241189662	-0.5723410952374727
16974.65651986603	-0.3598735254562058
17221.558584396902	-0.14941521889089
17472.051922153143	0.05083767921190838
17726.188769406665	0.2336769267719711
17984.022122223458	0.3927231880298563
18245.605747515034	0.5226749219031318
18510.99419425065	0.619362643927393
18780.242804832582	0.6794131554946656
19053.40772663689	0.6976522277068453
19330.545923722028	0.6626248055785662
19611.71518870775	0.5550292933297902
19896.974154826825	0.36581047701232344
20186.382308152035	0.12318196702249745