20	0.9659956186333423
20.290906698750476	0.9580996169440652
20.586044732869844	0.9501336420041343
20.885475648548283	0.9420366814137585
21.189261887185914	0.9337619403431058
21.49746679841394	0.9252745907194242
21.810154653305165	0.916548389185988
22.12739065777668	0.9075627252688137
22.449240966187475	0.8983003996782979
22.77577269513385	0.8887458698683862
23.107053937445478	0.8788843955364323
23.44315377638505	0.8687019568072127
23.784142300054445	0.858185257682968
24.130090616010463	0.8473228051115775
24.481070866093134	0.8361058135215913
24.837156241469714	0.824528521357049
25.1984209978975	0.8125880637159504
25.56494047120865	0.8002841830803273
25.936791093020236	0.7876182146732591
26.3140504066728	0.7745924689456005
26.69679708340074	0.761209443767334
27.08511093873791	0.7474712851691072
27.47907294916184	0.7333799164016865
27.878765268980047	0.7189369824281195
28.284271247461966	0.7041438882135387
28.695675446220072	0.6890020680982153
29.11306365684382	0.6735134822399416
29.536522918790062	0.6576811928590223
29.966141537533712	0.6415094423835407
30.402009102982383	0.6250035110159526
30.844216508158908	0.6081704915766293
31.29285596815558	0.5910193938450021
31.74802103936409	0.5735611405442909
32.20980663898519	0.5558085840926603
32.67830906482211	0.537776093922444
33.153626015361866	0.5194791296285057
33.63585661014871	0.5009337794694554
34.125101410453844	0.482155805083352
34.62146244024586	0.46315960618662705
35.12504320746613	0.4439573760864001
35.635948725613716	0.42455872175463216
36.15428553564419	0.4049698460127803
36.68016172818701	0.38519271534930205
37.21368696608603	0.3652247909109284
37.754972507267915	0.3450588674581597
38.30413122794313	0.324683012995064
38.86127764614443	0.3040809035331281
39.4265279456077	0.2832318025488596
40.000000000000206	0.26211093879416814
40.58181339750116	0.24068998699677746
41.1720894657399	0.2189375085645493
41.77095129709678	0.19681936210116285
42.37852377437204	0.174299095804191
42.9949335968281	0.15133833570881583
43.62030930661056	0.12789718529791272
44.25478131555359	0.10393480899157959
44.89848193237519	0.07941052925407066
45.55154539026795	0.054284522473829755
46.21410787489121	0.028518282656091576
46.88630755277036	0.002074549217720656
47.56828460010916	-0.025082660294999504
48.260181232021196	-0.05298742525578093
48.962141732186545	-0.08167164762108625
49.674312482939705	-0.11116496600520609
50.39684199579528	-0.14149518080619694
51.129880942417586	-0.1726887108801597
51.873582186040764	-0.20477092319609058
52.628100813345895	-0.23776650356247298
53.393594166801776	-0.27170036918001217
54.17022187747612	-0.3065984768789245
54.95814589832399	-0.34248803874234046
55.75753053796041	-0.3793979796732412
56.56854249492426	-0.41735880856544716
57.39135089244048	-0.4564022406932051
58.226127313687975	-0.4965607425580476
59.073045837580466	-0.5378670034157491
59.932283075067765	-0.580353337227056
60.804018205965114	-0.6240510186831534
61.68843301631817	-0.6689895573194793
62.58571193631152	-0.7151959146173783
63.49604207872855	-0.7626938472352316
64.41961327797075	-0.8115039172867609
65.35661812964459	-0.861643659008557
66.3072520307241	-0.9131275608864662
67.27171322029778	-0.965966336772093
68.25020282090806	-1.0201662172448573
69.2429248804921	-1.0757290084005617
70.25008641493265	-1.1326522186700385
71.27189745122783	-1.1909287288711614
72.30857107128878	-1.2505471382913194
73.36032345637442	-1.3114922630195687
74.42737393217246	-1.3737452570591941
75.50994501453623	-1.4372843249934402
76.60826245588666	-1.5020851107296953
77.72255529228926	-1.5681211701630668
78.85305589121582	-1.6353645517243462
80.00000000000082	-1.703786121302302
81.16362679500274	-1.7733564265969848
82.34417893148023	-1.8440457408104876
83.541902594194	-1.9158246708918185
84.75704754874454	-1.9886645357577697
85.98986719365665	-2.0625377048330744
87.24061861322157	-2.137417471502301
88.50956263110764	-2.2132778362421845
89.79696386475084	-2.2900927488094767
91.10309078053635	-2.3678353816696402
92.42821574978288	-2.446477381532147
93.77261510554118	-2.525987620501946
95.13656920021877	-2.6063316547635376
96.52036246404286	-2.687471624603665
97.92428346437356	-2.7693669723153973
99.34862496587989	-2.8519752684903006
100.79368399159105	-2.9352530799654657
102.25976188483567	-3.019157246419179
103.74716437208203	-3.103645375530259
105.25620162669229	-3.188676131037609
106.78718833360406	-3.2742076230393784
108.34044375495276	-3.3601956083616047
109.9162917966485	-3.4465914005366565
111.51506107592134	-3.533340335718334
113.13708498984903	-3.6203814312178633
114.78270178488147	-3.707646762784968
116.45225462737648	-3.795060978008609
118.14609167516147	-3.882540897028229
119.86456615013608	-3.96999443541414
121.60803641193078	-4.05731955990056
123.3768660326369	-4.144403529039862
125.17142387262359	-4.231122451987908
126.99208415745765	-4.317341223788926
128.83922655594208	-4.402914182945409
130.71323625928977	-4.4876873913622894
132.61450406144883	-4.571501921929643
134.5434264405962	-4.654197536734773
136.50040564181674	-4.735615336243605
138.48584976098482	-4.815600887405778
140.50017282986593	-4.894007486979993
142.5437949024563	-4.970698931342695
144.61714214257822	-5.045550588979337
146.7206469127495	-5.1184511684300205
148.8547478643456	-5.189303954893244
151.01989002907314	-5.258027391845443
153.216524911774	-5.324556013475101
155.4451105845792	-5.388841292776063
157.70611178243232	-5.450853118725519
160.00000000000236	-5.510580816313593
162.3272535900062	-5.568032869567812
164.6883578629612	-5.623237193674193
167.08380518838874	-5.67624136649922
169.51409509748981	-5.727112179339175
171.97973438731407	-5.775933492572705
174.4812372264439	-5.822803553458652
177.01912526221608	-5.867832943077178
179.5939277295025	-5.9111420550857705
182.20618156107355	-5.952857943914796
184.85643149956664	-5.9931110118120134
187.54523021108326	-6.032029992936994
190.27313840043846	-6.069738078896396
193.04072492808663	-6.106349676658117
195.84856692874806	-6.1419669377200545
198.69724993176072	-6.176675183956896
201.58736798318304	-6.210539579215438
204.5195237696723	-6.243603340731257
207.49432874416505	-6.275886009221413
210.5124032533856	-6.307381775310954
213.57437666720915	-6.338059416591092
216.68088750990657	-6.367864379553572
219.83258359329807	-6.396722454842164
223.03012215184378	-6.424542966933809
226.2741699796992	-6.4512233049580585
229.5654035697641	-6.476653122515399
232.90450925475412	-6.500718932409514
236.2921833503241	-6.523308632091862
239.72913230027333	-6.544316726722176
243.21607282386276	-6.563648088185985
246.75373206527502	-6.5812214029840606
250.34284774524843	-6.59697260122776
253.9841683149166	-6.610857229599981
257.67845311188546	-6.622852855930887
261.42647251858085	-6.632960784789456
265.22900812289896	-6.6412076322655755
269.08685288119375	-6.647644018625114
273.0008112836349	-6.65234167896539
276.97169952197106	-6.655390740863665
281.00034565973334	-6.656895564786804
285.0875898049141	-6.656969390486474
289.23428428515797	-6.655730965771263
293.44129382550057	-6.65330244090663
297.7094957286928	-6.649808773813211
302.0397800581479	-6.6453752597297155
306.4330498235497	-6.6401238269578435
310.89022116916016	-6.634168760592558
315.41222356486645	-6.627614199973267
320.00000000000654	-6.620554782723092
324.6545071800142	-6.613076481049954
329.3767157259242	-6.605259621360577
334.16761037677935	-6.597181039806816
339.02819019498156	-6.588916271477377
343.95946877463007	-6.580542118173882
348.9624744528898	-6.572139370417059
354.03825052443415	-6.563795438491349
359.187855459007	-6.555607245136821
364.4123631221491	-6.54768468927592
369.71286299913527	-6.540149921225818
375.0904604221685	-6.533138316160498
380.54627680087896	-6.526796799968344
386.08144985617537	-6.52128225976397
391.6971338574982	-6.516760118589042
397.3944998635236	-6.513400400610096
403.1747359663683	-6.511372610887103
409.0390475393468	-6.5108393755370075
414.9886574883323	-6.511948811097488
421.0248065067734	-6.514827812453614
427.1487533344206	-6.519575645666733
433.3617750198154	-6.526255819519813
439.6651671865984	-6.534891127300073
446.06024430368984	-6.545462487826537
452.54833995940066	-6.5579093100507
459.13080713953053	-6.5721331843673205
465.8090185095106	-6.588002897400137
472.58436670065066	-6.605361366670304
479.45826460054917	-6.624036938211705
486.432145647728	-6.643854896386348
493.50746413055253	-6.6646518845322005
500.6856954904994	-6.686292465961826
507.9683366298358	-6.70867883103966
515.3569062237735	-6.731755012066933
522.8529450371643	-6.755506799467217
530.4580162458005	-6.779957465006919
538.1737057623901	-6.805160160691426
546.0016225672724	-6.831190660473781
553.9433990439449	-6.858141152558188
562.0006913194694	-6.886113648766532
570.1751796098309	-6.9152103847272794
578.4685685703187	-6.945525711911403
586.8825876510039	-6.977135701766228
595.4189914573883	-7.010092418188648
604.0795601162986	-7.044414768545759
612.8660996471021	-7.080081171486346
621.780442338323	-7.117025130866631
630.8244471297356	-7.155130525129483
640.0000000000159	-7.194229497264663
649.3090143600314	-7.234102755212182
658.7534314518515	-7.274491162659342
668.3352207535618	-7.315114443107551
678.0563803899662	-7.355685220155
687.9189375492632	-7.3959242968709065
697.9249489057827	-7.435572796284142
708.0765010488715	-7.47440464489906
718.3757109180171	-7.512237353238886
728.8247262443015	-7.548940058554427
739.425725998274	-7.5844344522746825
750.1809208443404	-7.618689392277489
761.0925536017613	-7.651714029258349
772.1628997123541	-7.6835450418244555
783.3942677149998	-7.714226049319474
794.7889997270506	-7.74377682143022
806.34947193274	-7.772151463292305
818.0780950786972	-7.799209677791711
829.9773149766683	-7.824709051577131
842.0496130135506	-7.848317597780208
854.2975066688449	-7.869634485459023
866.7235500396347	-7.888210478857334
879.3303343732008	-7.90356332113333
892.1204886073838	-7.915189009244562
905.0966799188055	-7.922566580898098
918.2616142790653	-7.925159962219915
931.6180370190256	-7.922422868494267
945.1687334013056	-7.913811363000317
958.9165292011028	-7.898803029939755
972.8642912954606	-7.876927909107697
987.0149282611097	-7.847816358889149
1001.3713909810035	-7.811257713512803
1015.9366732596762	-7.767250566603335
1030.7138124475518	-7.716021832639772
1045.7058900743334	-7.658003424912232
1060.916032491606	-7.593779765972239
1076.3474115247852	-7.5240224845718915
1092.0032451345498	-7.449442520217109
1107.8867980878947	-7.370755704728294
1124.0013826389438	-7.288669931277552
1140.350359219667	-7.203886506040254
1156.9371371406426	-7.117097145978546
1173.765175302013	-7.028978714624697
1190.837982914782	-6.940193391907453
1208.1591202326028	-6.85137149537138
1225.73219929421	-6.763081952571557
1243.5608846766518	-6.675787317252773
1261.648894259477	-6.5897936820242675
1280.0000000000375	-6.505227333203203
1298.6180287200684	-6.422043582642656
1317.5068629037087	-6.340060772600663
1336.6704415071292	-6.258998604190018
1356.112760779938	-6.178524638497795
1375.8378750985323	-6.098287099340479
1395.8498978115715	-6.01792604089681
1416.153002097749	-5.93709094916055
1436.7514218360407	-5.855457931229458
1457.6494524886093	-5.772724032523543
1478.8514519965543	-5.688592693622609
1500.3618416886875	-5.602765045822278
1522.1851072035295	-5.514948593634943
1544.3257994247153	-5.424850148570094
1566.788535430007	-5.332168390658697
1589.5779994541087	-5.236606605872836
1612.6989438654878	-5.137883604644051
1636.156190157402	-5.035737135100262
1659.9546299533442	-4.929913195516297
1684.099226027109	-4.820157436705663
1708.5950133376978	-4.706201491971597
1733.4471000792773	-4.587741592865149
1758.6606687464096	-4.464407283452871
1784.2409772147755	-4.3357447779763945
1810.193359837619	-4.201163416848923
1836.5232285581387	-4.059880581400593
1863.2360740380593	-3.910890686506115
1890.3374668026197	-3.752964335839629
1917.833058402214	-3.5846977992860136
1945.7285825909298	-3.4046248726772936
1974.0298565222283	-3.2114594580325204
2002.7427819620161	-3.0044236825748674
2031.8733465193618	-2.7835581895134323
2061.4276248951132	-2.5498080499712272
2091.411780148677	-2.3048463074104903
2121.832064983222	-2.050760418503524
2152.694823049581	-1.7897587739094527
2184.0064902691106	-1.523985321654821
2215.7735961758003	-1.2554498664895952
2248.002765277899	-0.9860379495680925
2280.7007184393456	-0.7175581881117511
2313.874274281297	-0.45179462093251466
2347.530350604038	-0.19056547214279568
2381.6759658295764	0.06421828160758568
2416.318240465218	0.31055585591598023
2451.4643985884327	0.5464570740724471
2487.1217693533167	0.7701828999804086
2523.2977885189675	0.9804910964196747
2560.0000000000887	1.176782434072515
2597.236057440151	1.3590632441062733
2635.0137258074315	1.5277377001461934
2673.340883014273	1.68333426358414
2712.225521559891	1.826299340038088
2751.6757501970797	1.9568962345073848
2791.699795623158	2.07515466757112
2832.3060041955137	2.180846088076566
2873.502843672097	2.2734607312606707
2915.2989049772345	2.3521310011363212
2957.7029039931244	2.415586817581105
3000.723683377391	2.4621223523597813
3044.370214407075	2.489625182748113
3088.6515988494466	2.49585172497471
3133.57707086003	2.4789171525934206
3179.1559989082334	2.437943572254339
3225.3978877309914	2.3735468738359566
3272.3123803148205	2.28776957291522
3319.9092599067053	2.183562534025929
3368.198452054235	2.064055542833957
3417.190026675413	1.9320429116137816
3466.8942001585724	1.7898126949366815
3517.3213374928373	1.6391471974684575
3568.4819544295697	1.4813916074348967
3620.386719675257	1.317637131376811
3673.0464571162966	1.1489282440408606
3726.472148076138	0.9764249816477031
3780.6749336052594	0.8016060879594821
3835.6661168044484	0.6263897617597478
3891.45716518188	0.453122971394502
3948.059713044477	0.28431027278612025
4005.4855639240527	0.12215390663640921
4063.746693038744	-0.03203075819443118
4122.855249790247	-0.17812528195903102
4182.823560297375	-0.3169488407751089
4243.664129966465	-0.44970540453398367
4305.389646099183	-0.5775350617528078
4368.012980538242	-0.7013133155751571
4431.5471923516225	-0.8216220214206946
4496.00553055582	-0.9388452287401264
4561.401436878714	-1.0532419724092645
4627.748548562617	-1.1650131327154298
4695.060701208099	-1.2743421222145892
4763.351931659176	-1.3814003482192847
4832.63648093046	-1.4863739429383336
4902.928797176889	-1.5894468985589685
4974.243538706657	-1.6909027067155014
5046.595577037959	-1.7912411732721287
5120.000000000202	-1.8912109324429793
5194.472114880326	-1.991713557023462
5270.027451614888	-2.0937044324779963
5346.6817660285715	-2.1980387834247246
5424.451043119808	-2.305355942593426
5503.351500394186	-2.415963852404883
5583.399591246343	-2.5298637824193477
5664.612008391055	-2.6468012725334447
5747.005687344222	-2.766340893582335
5830.597809954497	-2.887664026491327
5915.405807986278	-3.00944006111597
6001.447366754812	-3.129482596761029
6088.740428814181	-3.2446517385236677
6177.303197698925	-3.3510323767583627
6267.154141720092	-3.4445646296079966
6358.3119978165005	-3.522542753101568
6450.795775462017	-3.584888180936432
6544.624760629676	-3.6341080577844163
6639.818519813445	-3.673921455240214
6736.396904108505	-3.7077842549586033
6834.380053350861	-3.7382811716832958
6933.788400317181	-3.767052276329614
7034.642674985712	-3.795138534518244
7136.963908859177	-3.823342837312245
7240.773439350552	-3.8524927544313226
7346.092914232631	-3.8835867640644626
7452.944296152315	-3.9178104264471263
7561.349867210557	-3.9571335013089635
7671.332233608935	-4.00505912054394
7782.914330363799	-4.06723240991348
7896.119426088994	-4.151119324543876
8010.971127848146	-4.263801474287269
8127.49338607753	-4.408805950383522
8245.710499580537	-4.584204514728309
8365.647120594791	-4.784173864309148
8487.328259932974	-5.002242580256481
8610.77929219841	-5.2335756219400364
8736.025961076528	-5.475498853812703
8863.094384703289	-5.72672435199076
8992.011061111683	-5.986542644669886
9122.802873757471	-6.25440153275087
9255.497097125279	-6.529742276318242
9390.121402416245	-6.811789676591282
9526.7038633184	-7.099243594286957
9665.272961860968	-7.390402130814977
9805.857594353829	-7.6828575776152865
9948.487077413367	-7.973846260641598
10093.19115407597	-8.26131899518395
10240.000000000457	-8.545079099499137
10388.944229760706	-8.826398110494225
10540.05490322983	-9.10708143686737
10693.363532057198	-9.388843578082811
10848.902086239672	-9.673161873040964
11006.703000788428	-9.961261449724281
11166.799182492743	-10.254270526182115
11329.224016782166	-10.55307500641492
11494.0113746885	-10.858736947119342
11661.195619909053	-11.172299501592821
11830.811615972614	-11.493903687762675
12002.894733509682	-11.82241342796529
12177.48085762842	-12.154307832202177
12354.606395397908	-12.482752694472984
12534.308283440243	-12.798377587218756
12716.62399563306	-13.09147429041238
12901.591550924093	-13.355739301214697
13089.249521259411	-13.588232433368264
13279.637039626952	-13.783545003336481
13472.793808217073	-13.934844433787738
13668.760106701786	-14.039670005317076
13867.576800634426	-14.101515630166706
14069.285349971487	-14.128219059758418
14273.927817718419	-14.129395188024002
14481.54687870117	-14.11338868136239
14692.18582846533	-14.087103218562927
14905.888592304698	-14.055615441633588
15122.699734421185	-14.022380819983956
15342.664467217943	-13.99141677191343
15565.828660727671	-13.96958718608782
15792.238852178061	-13.967956707499741
16021.942255696367	-13.999571791660557
16254.986772155136	-14.071425187648767
16491.42099916115	-14.179637188522014
16731.294241189662	-14.313561593279315
16974.65651986603	-14.464043254139881
17221.558584396902	-14.626415183435824
17472.051922153143	-14.798832671584597
17726.188769406665	-14.979836495134984
17984.022122223458	-15.165946304193987
18245.605747515034	-15.350657546877516
18510.99419425065	-15.526196960336128
18780.242804832582	-15.687167490201348
19053.40772663689	-15.835611779912156
19330.545923722028	-15.98784438525478
19611.71518870775	-16.167050516287745
19896.974154826825	-16.34249791826779
20186.382308152035	-16.437158962545556