20,62.5
20.290906698750476,62.5
20.586044732869844,62.5
20.885475648548283,62.59515854951609
21.189261887185914,62.6
21.49746679841394,62.67436669960349
21.810154653305165,62.77005155110172
22.12739065777668,62.8
22.449240966187475,62.88308032206249
22.77577269513385,62.9
23.107053937445478,62.97676348436137
23.44315377638505,63
23.784142300054445,63.09471410001815
24.130090616010463,63.1
24.481070866093134,63.19369028869772
24.837156241469714,63.2
25.1984209978975,63.2
25.56494047120865,63.28831349040288
25.936791093020236,63.3
26.3140504066728,63.3
26.69679708340074,63.3
27.08511093873791,63.3
27.47907294916184,63.3
27.878765268980047,63.3
28.284271247461966,63.3
28.695675446220072,63.37391886155502
29.11306365684382,63.4
29.536522918790062,63.48413072969751
29.966141537533712,63.5
30.402009102982383,63.58040182059648
30.844216508158908,63.6
31.29285596815558,63.6
31.74802103936409,63.51299474015898
32.20980663898519,63.5
32.67830906482211,63.5
33.153626015361866,63.41159349615953
33.63585661014871,63.4
34.125101410453844,63.4
34.62146244024586,63.4
35.12504320746613,63.4
35.635948725613716,63.4
36.15428553564419,63.4
36.68016172818701,63.4
37.21368696608603,63.4
37.754972507267915,63.47582875121132
38.30413122794313,63.5
38.86127764614443,63.5
39.4265279456077,63.5
40.000000000000206,63.5
40.58181339750116,63.5
41.1720894657399,63.5
41.77095129709678,63.57849188284946
42.37852377437204,63.679753962395345
42.9949335968281,63.7
43.62030930661056,63.613281782231574
44.25478131555359,63.52074552634949
44.89848193237519,63.416919677937464
45.55154539026795,63.321207801390294
46.21410787489121,63.2143153541848
46.88630755277036,63.2
47.56828460010916,63.118816485698694
48.260181232021196,63.1
48.962141732186545,63.01969403825907
49.674312482939705,62.91795535958004
50.39684199579528,62.9
51.129880942417586,62.9
51.873582186040764,62.81805968770846
52.628100813345895,62.8
53.393594166801776,62.8
54.17022187747612,62.8
54.95814589832399,62.8
55.75753053796041,62.8
56.56854249492426,62.8
57.39135089244048,62.8
58.226127313687975,62.71931918736801
59.073045837580466,62.61586927030245
59.932283075067765,62.6
60.804018205965114,62.521775754892765
61.68843301631817,62.5
62.58571193631152,62.412698673743165
63.49604207872855,62.4
64.41961327797075,62.32004296911436
65.35661812964459,62.3
66.3072520307241,62.3
67.27171322029778,62.21425408663358
68.25020282090806,62.2
69.2429248804921,62.2
70.25008641493265,62.2
71.27189745122783,62.2
72.30857107128878,62.2
73.36032345637442,62.11396765436256
74.42737393217246,62.015693278893416
75.50994501453623,61.91727772595125
76.60826245588666,61.817430685828484
77.72255529228926,61.71613133706462
78.85305589121582,61.62057867573202
80.00000000000082,61.518181818181745
81.16362679500274,61.41969776708311
82.34417893148023,61.32131842237664
83.541902594194,61.3
84.75704754874454,61.220246037604625
85.98986719365665,61.2
87.24061861322157,61.2
88.50956263110764,61.11586978074103
89.79696386475084,61.1
91.10309078053635,61.1
92.42821574978288,61.0194131607298
93.77261510554118,61
95.13656920021877,61
96.52036246404286,61
97.92428346437356,60.91969403825903
99.34862496587989,60.9
100.79368399159105,60.81473685774349
102.25976188483567,60.8
103.74716437208203,60.8
105.25620162669229,60.737189918665386
106.78718833360406,60.6212811666396
108.34044375495276,60.53297781225236
109.9162917966485,60.3167416406703
111.51506107592134,60.224246946203934
113.13708498984903,60.193145750507554
114.78270178488147,60.11086491075593
116.45225462737648,60.1
118.14609167516147,60
119.86456615013608,60
121.60803641193078,59.91959817940346
123.3768660326369,59.831156698368154
125.17142387262359,59.691428806368826
126.99208415745765,59.60039579212712
128.83922655594208,59.50803867220289
130.71323625928977,59.5
132.61450406144883,59.41927479692756
134.5434264405962,59.322828677970186
136.50040564181674,59.224979717909164
138.48584976098482,59.05141502390152
140.50017282986593,58.9249913585067
142.5437949024563,58.82281025487718
144.61714214257822,58.8
146.7206469127495,58.71396765436253
148.8547478643456,58.60726260678272
151.01989002907314,58.499336999030895
153.216524911774,58.4261158362742
155.4451105845792,58.32774447077104
157.70611178243232,58.21469441087839
160.00000000000236,58.09999999999992
162.3272535900062,58.022424880333126
164.6883578629612,57.915582106851936
167.08380518838874,57.9
169.51409509748981,57.824295245125505
171.97973438731407,57.7010132806343
174.4812372264439,57.61729209245187
177.01912526221608,57.49936249125946
179.5939277295025,57.413535742349914
182.20618156107355,57.4
184.85643149956664,57.30717842502167
187.54523021108326,57.21515899296389
190.27313840043846,57.2
193.04072492808663,57.2
195.84856692874806,57.1075716535626
198.69724993176072,56.92018333788262
201.58736798318304,56.81375440056056
204.5195237696723,56.71601587434426
207.49432874416505,56.7
210.5124032533856,56.616253224887146
213.57437666720915,56.51418744442636
216.68088750990657,56.41063708300311
219.83258359329807,56.30558054689006
223.03012215184378,56.224246946203905
226.2741699796992,56.2
229.5654035697641,56.11448654767453
232.90450925475412,56.027387268631145
236.2921833503241,55.92359388832253
239.72913230027333,55.80902892332422
243.21607282386276,55.719598179403434
246.75373206527502,55.6082089311575
250.34284774524843,55.516428806368786
253.9841683149166,55.425395792127084
257.67845311188546,55.22143645920764
261.42647251858085,55.2
265.22900812289896,55.2
269.08685288119375,55.122828677970155
273.0008112836349,55.024979717909126
276.97169952197106,54.92570751195072
281.00034565973334,54.824991358506665
285.0875898049141,54.722810254877146
289.23428428515797,54.619142892871054
293.44129382550057,54.51396765436249
297.7094957286928,54.40726260678268
302.0397800581479,54.4
306.4330498235497,54.31417375441126
310.89022116916016,54.2221955766168
315.41222356486645,54.2
320.00000000000654,54.11999999999987
324.6545071800142,54.008637320499645
329.3767157259242,54
334.16761037677935,53.83329558492883
339.02819019498156,53.71943619610037
343.95946877463007,53.7
348.9624744528898,53.7
354.03825052443415,53.61923498951132
359.187855459007,53.6
364.4123631221491,53.6
369.71286299913527,53.52145228334775
375.0904604221685,53.418190791556626
380.54627680087896,53.32422871998535
386.08144985617537,53.218371002876495
391.6971338574982,53.12171443570836
397.3944998635236,53.01211000272953
403.1747359663683,53
409.0390475393468,52.91601587434422
414.9886574883323,52.9
421.0248065067734,52.816253224887106
427.1487533344206,52.71418744442632
433.3617750198154,52.61063708300308
439.6651671865984,52.519069040191454
446.06024430368984,52.4156625949385
452.54833995940066,52.4
459.13080713953053,52.31448654767449
465.8090185095106,52.3
472.58436670065066,52.3
479.45826460054917,52.22202479142073
486.432145647728,52.2
493.50746413055253,52.2
500.6856954904994,52.11877577870715
507.9683366298358,52.1
515.3569062237735,52.02053867220283
522.8529450371643,51.91638649946908
530.4580162458005,51.9
538.1737057623901,51.82282867797012
546.0016225672724,51.8
553.9433990439449,51.8
562.0006913194694,51.71249135850663
570.1751796098309,51.7
578.4685685703187,51.61914289287102
586.8825876510039,51.6
595.4189914573883,51.517566761584575
604.0795601162986,51.5
612.8660996471021,51.41417375441122
621.780442338323,51.4
630.8244471297356,51.31306169855849
640.0000000000159,51.3
649.3090143600314,51.3
658.7534314518515,51.3
668.3352207535618,51.3
678.0563803899662,51.21943619610034
687.9189375492632,51.2
697.9249489057827,51.12075051094217
708.0765010488715,51.1
718.3757109180171,51.1
728.8247262443015,51.1
739.425725998274,51.1
750.1809208443404,51.1
761.0925536017613,51.01734042180217
772.1628997123541,51
783.3942677149998,51
794.7889997270506,51
806.34947193274,51
818.0780950786972,51
829.9773149766683,51
842.0496130135506,51
854.2975066688449,51
866.7235500396347,51
879.3303343732008,51
892.1204886073838,51.08433740506153
905.0966799188055,51.1
918.2616142790653,51.1
931.6180370190256,51.1
945.1687334013056,51.1
958.9165292011028,51.18397330154695
972.8642912954606,51.28474493782472
987.0149282611097,51.46019904348146
1001.3713909810035,51.581224221292885
1015.9366732596762,51.6
1030.7138124475518,51.683670088911086
1045.7058900743334,51.7
1060.916032491606,51.780725203072535
1076.3474115247852,51.9646321536638
1092.0032451345498,52.24381084627281
1107.8867980878947,52.46108497609868
1124.0013826389438,52.825034565973596
1140.350359219667,53.15031923536876
1156.9371371406426,53.363966319301674
1173.765175302013,53.80485809711803
1190.837982914782,54.14419969849616
1208.1591202326028,54.44986682763417
1225.73219929421,54.745536654903496
1243.5608846766518,55.04268141127753
1261.648894259477,55.262765491771965
1280.0000000000375,55.55000000000062
1298.6180287200684,55.76440030231651
1317.5068629037087,56.04484520374277
1336.6704415071292,56.264952015864516
1356.112760779938,56.461127607799384
1375.8378750985323,56.666714474721395
1395.8498978115715,56.86849897811572
1416.153002097749,56.981680962370234
1436.7514218360407,57.16751421836041
1457.6494524886093,57.284045011850516
1478.8514519965543,57.4622859272414
1500.3618416886875,57.582675436612796
1522.1851072035295,57.682659578197864
1544.3257994247153,57.86659817658832
1566.788535430007,57.98168928447829
1589.5779994541087,58.08077391067004
1612.6989438654878,58.2625995118738
1636.156190157402,58.38328778329305
1659.9546299533442,58.56628858294454
1684.099226027109,58.68374677511296
1708.5950133376978,58.86476010670158
1733.4471000792773,58.98178840031711
1758.6606687464096,59.16528534997128
1784.2409772147755,59.28169606621067
1810.193359837619,59.544538767357146
1836.5232285581387,59.682781648300534
1863.2360740380593,59.78235582977059
1890.3374668026197,59.96546271705644
1917.833058402214,60.081546637150765
1945.7285825909298,60.18117350925333
1974.0298565222283,60.364498975158774
2002.7427819620161,60.48187166193799
2031.8733465193618,60.58232188454952
2061.4276248951132,60.68142541631705
2091.411780148677,60.78137260049559
2121.832064983222,60.8
2152.694823049581,60.88288652596639
2184.0064902691106,60.9
2215.7735961758003,60.9
2248.002765277899,60.9
2280.7007184393456,60.9
2313.874274281297,60.9
2347.530350604038,60.819028380576356
2381.6759658295764,60.8
2416.318240465218,60.71909074152795
2451.4643985884327,60.618673146890195
2487.1217693533167,60.519106196240784
2523.2977885189675,60.33723450822796
2560.0000000000887,60.21891891891868
2597.236057440151,60.11828092583743
2635.0137258074315,59.93676986417141
2673.340883014273,59.8175239920677
2712.225521559891,59.63474091507748
2751.6757501970797,59.4366212490146
2791.699795623158,59.3182505109421
2832.3060041955137,59.21876584342558
2873.502843672097,59.036571494282455
2915.2989049772345,58.91833594053039
2957.7029039931244,58.73474807622322
3000.723683377391,58.61692166656421
3044.370214407075,58.434680843604205
3088.6515988494466,58.318552002556785
3133.57707086003,58.21871762031105
3179.1559989082334,58.11743111353726
3225.3978877309914,58.0183023665298
3272.3123803148205,57.836968594405015
3319.9092599067053,57.71721434062403
3368.198452054235,57.7
3417.190026675413,57.61797953739712
3466.8942001585724,57.51821159968286
3517.3213374928373,57.5
3568.4819544295697,57.41830393378929
3620.386719675257,57.4
3673.0464571162966,57.4
3726.472148076138,57.4
3780.6749336052594,57.4
3835.6661168044484,57.4
3891.45716518188,57.4
3948.059713044477,57.48256090007803
4005.4855639240527,57.581871661938024
4063.746693038744,57.68232188454956
4122.855249790247,57.78280550811906
4182.823560297375,57.88167796770061
4243.664129966465,58.06283321300481
4305.389646099183,58.26521195442355
4368.012980538242,58.46512057313728
4431.5471923516225,58.664209976098824
4496.00553055582,58.94464091025763
4561.401436878714,59.16431211347297
4627.748548562617,59.36342850317199
4695.060701208099,59.56436030211373
4763.351931659176,59.763338932345434
4832.63648093046,59.96416371284191
4902.928797176889,60.16317971035743
4974.243538706657,60.28203315310797
5046.595577037959,60.3
5120.000000000202,60.3
5194.472114880326,60.21803718015957
5270.027451614888,60.03676986417135
5346.6817660285715,59.835047984135336
5424.451043119808,59.469481830154834
5503.351500394186,59.073242498029074
5583.399591246343,58.59125255471035
5664.612008391055,58.088814763018185
5747.005687344222,57.59032718467336
5830.597809954497,57.010015643182165
5915.405807986278,56.49173054125718
6001.447366754812,55.99042228630923
6088.740428814181,55.487698684975975
6177.303197698925,54.98818428259031
6267.154141720092,54.48803254599949
6358.3119978165005,54.07255653123261
6450.795775462017,53.670453150165145
6544.624760629676,53.1871023370762
6639.818519813445,52.77158950077732
6736.396904108505,52.53629504307525
6834.380053350861,52.25393861219124
6933.788400317181,52.11821159968282
7034.642674985712,51.93635113864215
7136.963908859177,51.9
7240.773439350552,51.817525539086006
7346.092914232631,51.88216312663456
7452.944296152315,51.9
7561.349867210557,51.981972355239044
7671.332233608935,52.16424042474352
7782.914330363799,52.446199099188746
7896.119426088994,52.747219715280515
8010.971127848146,53.12748664775223
8127.49338607753,53.611609422747975
8245.710499580537,54.192657981078334
8365.647120594791,54.875441536802946
8487.328259932974,55.65789022906868
8610.77929219841,56.45664059482845
8736.025961076528,57.259366150889775
8863.094384703289,57.892629928296664
8992.011061111683,58.16435823428168
9122.802873757471,58.11770772995613
9255.497097125279,57.688356777724515
9390.121402416245,57.02381495043428
9526.7038633184,56.07734406336934
9665.272961860968,55.077892360712454
9805.857594353829,53.996146427026865
9948.487077413367,52.40330047830263
10093.19115407597,51.195791244940914
10240.000000000457,50.259183673466595
10388.944229760706,49.526260261116704
10540.05490322983,48.90706660968279
10693.363532057198,48.38972879202208
10848.902086239672,47.89005741589848
11006.703000788428,47.55372847951564
11166.799182492743,47.33627430746243
11329.224016782166,47.2177629526036
11494.0113746885,47.2
11661.195619909053,47.2821530658138
11830.811615972614,47.382242127042716
12002.894733509682,47.482020077173225
12177.48085762842,47.58198906150196
12354.606395397908,47.6
12534.308283440243,47.43612344371244
12716.62399563306,47.071156053553715
12901.591550924093,46.42573072232868
13089.249521259411,45.64361905847059
13279.637039626952,44.679910787293444
13472.793808217073,43.677234154315684
13668.760106701786,42.678882707097536
13867.576800634426,41.678006026962684
14069.285349971487,40.676805198160956
14273.927817718419,39.679962049910586
14481.54687870117,38.762056774850706
14692.18582846533,37.86129267479244
14905.888592304698,36.96028162114846
15122.699734421185,36.22619351332647
15342.664467217943,35.27879787628208
15565.828660727671,34.68966816801859
15792.238852178061,34.189782263924975
16021.942255696367,33.853553579526476
16254.986772155136,33.8
16491.42099916115,33.96406835372249
16731.294241189662,34.41102966914513
16974.65651986603,35.07565395043533
17221.558584396902,35.77456052047513
17472.051922153143,36.474646794849406
17726.188769406665,37.092208869192156
17984.022122223458,37.36435823428175
18245.605747515034,37.236041256642565
18510.99419425065,36.38047295394493
18780.242804832582,34.97087330648566
19053.40772663689,33.22038861558094
19330.545923722028,31.50241701321062
19611.71518870775,30.751518989597905
19896.974154826825,30.1994048616255
20186.382308152035,30