20	89.77986630521221
20.290906698750476	89.75561344254272
20.586044732869844	89.73134630219597
20.885475648548283	89.70704248652362
21.189261887185914	89.68267170776875
21.49746679841394	89.65819803548655
21.810154653305165	89.63358201400884
22.12739065777668	89.60878259802489
22.449240966187475	89.58375885978228
22.77577269513385	89.55847143166342
23.107053937445478	89.532883662085
23.44315377638505	89.50696247951497
23.784142300054445	89.48067897715106
24.130090616010463	89.45400874690895
24.481070866093134	89.42693200282878
24.837156241469714	89.39943353826888
25.1984209978975	89.37150255743235
25.56494047120865	89.34313241085857
25.936791093020236	89.31432024900859
26.3140504066728	89.2850665915135
26.69679708340074	89.25537479574487
27.08511093873791	89.2252504001772
27.47907294916184	89.19470031767108
27.878765268980047	89.16373186291774
28.284271247461966	89.13235161727575
28.695675446220072	89.10056416132967
29.11306365684382	89.06837073584609
29.536522918790062	89.03576791761145
29.966141537533712	89.00274640978827
30.402009102982383	88.96929004211663
30.844216508158908	88.93537505566131
31.29285596815558	88.90096971697176
31.74802103936409	88.8660342768271
32.20980663898519	88.8305212664033
32.67830906482211	88.79437611084107
33.153626015361866	88.75753803463765
33.63585661014871	88.71994123117105
34.125101410453844	88.68151626689776
34.62146244024586	88.64219168772516
35.12504320746613	88.60189579021082
35.635948725613716	88.56055851320403
36.15428553564419	88.51811339616546
36.68016172818701	88.47449953894146
37.21368696608603	88.42966348514541
37.754972507267915	88.38356093895645
38.30413122794313	88.33615821537484
38.86127764614443	88.28743332043338
39.4265279456077	88.23737656561075
40.000000000000206	88.18599064496715
40.58181339750116	88.13329014613163
41.1720894657399	88.07930052138255
41.77095129709678	88.0240566002691
42.37852377437204	87.96760076735042
42.9949335968281	87.90998094976231
43.62030930661056	87.85124855941768
44.25478131555359	87.79145651937192
44.89848193237519	87.73065747958971
45.55154539026795	87.6689022990569
46.21410787489121	87.60623884237252
46.88630755277036	87.54271111176908
47.56828460010916	87.4783587115137
48.260181232021196	87.41321662168144
48.962141732186545	87.34731524253931
49.674312482939705	87.28068065876133
50.39684199579528	87.21333506439518
51.129880942417586	87.14529728533716
51.873582186040764	87.07658333667419
52.628100813345895	87.00720695826315
53.393594166801776	86.9371800830461
54.17022187747612	86.86651320711871
54.95814589832399	86.7952156459003
55.75753053796041	86.72329567444231
56.56854249492426	86.65076056029474
57.39135089244048	86.57761650375477
58.226127313687975	86.50386850334789
59.073045837580466	86.42952016549253
59.932283075067765	86.35457347794204
60.804018205965114	86.27902856776028
61.68843301631817	86.20288346680994
62.58571193631152	86.12613391091985
63.49604207872855	86.04877320256006
64.41961327797075	85.97079217043625
65.35661812964459	85.89217926264504
66.3072520307241	85.81292081227438
67.27171322029778	85.73300151472785
68.25020282090806	85.65240515336775
69.2429248804921	85.57111560360782
70.25008641493265	85.48911813535189
71.27189745122783	85.40640102032648
72.30857107128878	85.32295743545531
73.36032345637442	85.23878763702118
74.42737393217246	85.15390136346119
75.50994501453623	85.06832040734784
76.60826245588666	84.9820812793617
77.72255529228926	84.89523786942807
78.85305589121582	84.80786399333981
80.00000000000082	84.72005569761947
81.16362679500274	84.63193318185239
82.34417893148023	84.54364218654047
83.541902594194	84.45535468645161
84.75704754874454	84.36726872538217
85.98986719365665	84.27960723018238
87.24061861322157	84.19261565320522
88.50956263110764	84.10655831657635
89.79696386475084	84.02171337152097
91.10309078053635	83.93836634274209
92.42821574978288	83.85680230091407
93.77261510554118	83.77729679403873
95.13656920021877	83.70010576801083
96.52036246404286	83.6254548136206
97.92428346437356	83.5535281851531
99.34862496587989	83.48445813718976
100.79368399159105	83.4183152121563
102.25976188483567	83.35510016955132
103.74716437208203	83.29473826382781
105.25620162669229	83.23707653597648
106.78718833360406	83.18188466935588
108.34044375495276	83.12885976376526
109.9162917966485	83.07763510493415
111.51506107592134	83.02779266925725
113.13708498984903	82.97887874748945
114.78270178488147	82.93042175312692
116.45225462737648	82.88195105887361
118.14609167516147	82.83301561661999
119.86456615013608	82.78320117158012
121.60803641193078	82.73214506068038
123.3768660326369	82.67954785040541
125.17142387262359	82.62518137422741
126.99208415745765	82.56889303103179
128.83922655594208	82.51060646941305
130.71323625928977	82.45031898874643
132.61450406144883	82.38809613026737
134.5434264405962	82.32406401432988
136.50040564181674	82.25840001342921
138.48584976098482	82.19132234621304
140.50017282986593	82.12307914548731
142.5437949024563	82.053937501528
144.61714214257822	81.98417291765135
146.7206469127495	81.91405954365875
148.8547478643456	81.8438614778102
151.01989002907314	81.77382535259058
153.216524911774	81.70417434596828
155.4451105845792	81.63510368949656
157.70611178243232	81.56677767945277
160.00000000000236	81.49932814021416
162.3272535900062	81.43285424165667
164.6883578629612	81.36742353508512
167.08380518838874	81.30307404557082
169.51409509748981	81.23981724194437
171.97973438731407	81.17764169765944
174.4812372264439	81.11651725467537
177.01912526221608	81.05639950737188
179.5939277295025	80.99723443325155
182.20618156107355	80.9389630105791
184.85643149956664	80.88152567814957
187.54523021108326	80.82486650668372
190.27313840043846	80.7689369635926
193.04072492808663	80.71369916273369
195.84856692874806	80.65912849913848
198.69724993176072	80.60521557733007
201.58736798318304	80.55196735209422
204.5195237696723	80.49940741443875
207.49432874416505	80.44757537487233
210.5124032533856	80.39652532102929
213.57437666720915	80.34632335665967
216.68088750990657	80.29704426502879
219.83258359329807	80.2487673831625
223.03012215184378	80.20157182362254
226.2741699796992	80.15553123681366
229.5654035697641	80.11070836774812
232.90450925475412	80.06714972186572
236.2921833503241	80.02488070728856
239.72913230027333	79.98390165486309
243.21607282386276	79.94418511977489
246.75373206527502	79.90567482620862
250.34284774524843	79.86828651855699
253.9841683149166	79.83191082716604
257.67845311188546	79.79641805535351
261.42647251858085	79.76166457365171
265.22900812289896	79.72750030689429
269.08685288119375	79.6937766644192
273.0008112836349	79.6603542224743
276.97169952197106	79.62710952569543
281.00034565973334	79.59394051463124
285.0875898049141	79.56077027398095
289.23428428515797	79.52754899366575
293.44129382550057	79.4942542134976
297.7094957286928	79.46088956138138
302.0397800581479	79.42748228672355
306.4330498235497	79.39407993335756
310.89022116916016	79.3607464957576
315.41222356486645	79.32755837042518
320.00000000000654	79.29460036235282
324.6545071800142	79.26196194489138
329.3767157259242	79.22973391012368
334.16761037677935	79.19800549170884
339.02819019498156	79.16686199600196
343.95946877463007	79.13638293923783
348.9624744528898	79.10664065887036
354.03825052443415	79.0776993454489
359.187855459007	79.04961442742665
364.4123631221491	79.02243223360254
369.71286299913527	78.99618985665153
375.0904604221685	78.97091514749997
380.54627680087896	78.94662678371746
386.08144985617537	78.92333437153857
391.6971338574982	78.9010385574145
397.3944998635236	78.87973114317809
403.1747359663683	78.85939521929312
409.0390475393468	78.84000535114575
414.9886574883323	78.82152787430694
421.0248065067734	78.80392137273425
427.1487533344206	78.78713742431852
433.3617750198154	78.77112169619396
439.6651671865984	78.75581545660403
446.06024430368984	78.7411575380261
452.54833995940066	78.72708673980625
459.13080713953053	78.71354460273793
465.8090185095106	78.7004784337102
472.58436670065066	78.68784441765486
479.45826460054917	78.67561063066704
486.432145647728	78.66375976212424
493.50746413055253	78.65229136293222
500.6856954904994	78.64122346269009
507.9683366298358	78.63059343703675
515.3569062237735	78.62045804843562
522.8529450371643	78.61089262295967
530.4580162458005	78.60198935839361
538.1737057623901	78.5938547841515
546.0016225672724	78.58660641840379
553.9433990439449	78.58036870028513
562.0006913194694	78.57526831259676
570.1751796098309	78.57142906185636
578.4685685703187	78.56896654878564
586.8825876510039	78.56798293811424
595.4189914573883	78.56856221774117
604.0795601162986	78.57076640182855
612.8660996471021	78.57463314811352
621.780442338323	78.58017519423232
630.8244471297356	78.58738186042915
640.0000000000159	78.59622263918766
649.3090143600314	78.60665264474736
658.7534314518515	78.61861948490841
668.3352207535618	78.63207098602754
678.0563803899662	78.64696315805875
687.9189375492632	78.66326782325842
697.9249489057827	78.68097942883215
708.0765010488715	78.7001206846814
718.3757109180171	78.72074677930233
728.8247262443015	78.74294801357446
739.425725998274	78.76685074676097
750.1809208443404	78.79261657289618
761.0925536017613	78.82043965634199
772.1628997123541	78.85054217494128
783.3942677149998	78.88316786449965
794.7889997270506	78.9185737352801
806.34947193274	78.95702013870257
818.0780950786972	78.99875950724262
829.9773149766683	79.04402427597452
842.0496130135506	79.09301469218113
854.2975066688449	79.14588740460212
866.7235500396347	79.20274588269574
879.3303343732008	79.26363378270402
892.1204886073838	79.32853230700663
905.0966799188055	79.39736237781632
918.2616142790653	79.46999202403396
931.6180370190256	79.54624875759858
945.1687334013056	79.62593591552283
958.9165292011028	79.7088510505518
972.8642912954606	79.79480364425807
987.0149282611097	79.88362892086704
1001.3713909810035	79.97519449983196
1015.9366732596762	80.06939714735381
1030.7138124475518	80.1661480215686
1045.7058900743334	80.26534657551808
1060.916032491606	80.3668456503185
1076.3474115247852	80.47041282873218
1092.0032451345498	80.57569511780792
1107.8867980878947	80.68219473470917
1124.0013826389438	80.7892628221588
1140.350359219667	80.89611559152314
1156.9371371406426	81.00187436269324
1173.765175302013	81.1056278138834
1190.837982914782	81.20651171103354
1208.1591202326028	81.30379850257394
1225.73219929421	81.3969865474197
1243.5608846766518	81.4858767334788
1261.648894259477	81.57062341654672
1280.0000000000375	81.6517478434867
1298.6180287200684	81.73010623999426
1317.5068629037087	81.80681157740206
1336.6704415071292	81.88311672940179
1356.112760779938	81.96027517223563
1375.8378750985323	82.03940096981162
1395.8498978115715	82.1213506048547
1416.153002097749	82.20664473895698
1436.7514218360407	82.29543954334564
1457.6494524886093	82.38754741176038
1478.8514519965543	82.4824983333843
1500.3618416886875	82.57962773031424
1522.1851072035295	82.67817481715176
1544.3257994247153	82.77737705860959
1566.788535430007	82.87654993274016
1589.5779994541087	82.97514578112188
1612.6989438654878	83.07279004651245
1636.156190157402	83.16929675666644
1659.9546299533442	83.26466723391347
1684.099226027109	83.35907659120483
1708.5950133376978	83.4528518545026
1733.4471000792773	83.54644415404084
1758.6606687464096	83.64039616052624
1784.2409772147755	83.73530525524815
1810.193359837619	83.83178310521652
1836.5232285581387	83.93041316593502
1863.2360740380593	84.03170894204892
1890.3374668026197	84.13607709705768
1917.833058402214	84.24379018914935
1945.7285825909298	84.35497340835097
1974.0298565222283	84.46960788719089
2002.7427819620161	84.58754999467737
2031.8733465193618	84.70856251655961
2061.4276248951132	84.8323509322451
2091.411780148677	84.95859739550774
2121.832064983222	85.0869865607461
2152.694823049581	85.21722017698531
2184.0064902691106	85.34902067139112
2215.7735961758003	85.48212669001519
2248.002765277899	85.61628540121222
2280.7007184393456	85.75124702571279
2313.874274281297	85.88676612139183
2347.530350604038	86.02261186221001
2381.6759658295764	86.15858630741955
2416.318240465218	86.29454600141172
2451.4643985884327	86.4304192066645
2487.1217693533167	86.56621050098342
2523.2977885189675	86.70198730110309
2560.0000000000887	86.837848220211
2597.236057440151	86.97387851785071
2635.0137258074315	87.11010108817142
2673.340883014273	87.24643166083543
2712.225521559891	87.38264390626269
2751.6757501970797	87.5183460108636
2791.699795623158	87.65296737378175
2832.3060041955137	87.78575288307132
2873.502843672097	87.91576312196806
2915.2989049772345	88.04188083038494
2957.7029039931244	88.1628245064902
3000.723683377391	88.27716889047483
3044.370214407075	88.38337089032377
3088.6515988494466	88.47979871914332
3133.57707086003	88.56476063554805
3179.1559989082334	88.63652985187039
3225.3978877309914	88.69336457533046
3272.3123803148205	88.73352496921072
3319.9092599067053	88.75529233268252
3368.198452054235	88.75699725537775
3417.190026675413	88.73706221188591
3466.8942001585724	88.69406108274846
3517.3213374928373	88.62679479877912
3568.4819544295697	88.53437809940704
3620.386719675257	88.41632957790068
3673.0464571162966	88.27265533813164
3726.472148076138	88.10391344693771
3780.6749336052594	87.91124534177155
3835.6661168044484	87.69636438370692
3891.45716518188	87.46149883387007
3948.059713044477	87.20929067475456
4005.4855639240527	86.94265198675949
4063.746693038744	86.6645798068032
4122.855249790247	86.37793465817603
4182.823560297375	86.08520151178213
4243.664129966465	85.78827374198647
4305.389646099183	85.48831740832622
4368.012980538242	85.1857741947284
4431.5471923516225	84.88053820076635
4496.00553055582	84.5722954004575
4561.401436878714	84.26096386462767
4627.748548562617	83.94713823800302
4695.060701208099	83.63243199797779
4763.351931659176	83.3196240628721
4832.63648093046	83.01254592677853
4902.928797176889	82.71568690724952
4974.243538706657	82.43355047256365
5046.595577037959	82.16985789784822
5120.000000000202	81.92675249219315
5194.472114880326	81.70418602795782
5270.027451614888	81.49964773205629
5346.6817660285715	81.30832596161746
5424.451043119808	81.1236897450534
5503.351500394186	80.93837948831454
5583.399591246343	80.74523416097955
5664.612008391055	80.53828289628463
5747.005687344222	80.31358460842524
5830.597809954497	80.0698775422882
5915.405807986278	79.80904818188147
6001.447366754812	79.5364241695423
6088.740428814181	79.26085017654945
6177.303197698925	78.99444994333399
6267.154141720092	78.75195911077716
6358.3119978165005	78.54958217257172
6450.795775462017	78.40349558142164
6544.624760629676	78.32832807143886
6639.818519813445	78.33605383392776
6736.396904108505	78.4356012802122
6834.380053350861	78.63309989792869
6933.788400317181	78.93223678448383
7034.642674985712	79.33393527932175
7136.963908859177	79.83473907906432
7240.773439350552	80.42388591715951
7346.092914232631	81.07983686029195
7452.944296152315	81.76762567815616
7561.349867210557	82.4385242389347
7671.332233608935	83.0330662207275
7782.914330363799	83.4875640130843
7896.119426088994	83.74314887420199
8010.971127848146	83.75543827720739
8127.49338607753	83.50256039703234
8245.710499580537	82.98957560592731
8365.647120594791	82.24817826392189
8487.328259932974	81.33166340670704
8610.77929219841	80.3062395626358
8736.025961076528	79.24060706873308
8863.094384703289	78.19614079354763
8992.011061111683	77.21983667507803
9122.802873757471	76.34135783672663
9255.497097125279	75.57421289622806
9390.121402416245	74.91991635365565
9526.7038633184	74.3733878607898
9665.272961860968	73.92800583878031
9805.857594353829	73.57935915625742
9948.487077413367	73.32749028978314
10093.19115407597	73.1779310328938
10240.000000000457	73.14186323409406
10388.944229760706	73.23530110533258
10540.05490322983	73.4766126621697
10693.363532057198	73.88143965094832
10848.902086239672	74.45474951561492
11006.703000788428	75.18150908705398
11166.799182492743	76.01952624113484
11329.224016782166	76.89865493281955
11494.0113746885	77.72860438826682
11661.195619909053	78.4138679748091
11830.811615972614	78.87103987066291
12002.894733509682	79.04301080861268
12177.48085762842	78.90659738456263
12354.606395397908	78.47342877276641
12534.308283440243	77.78611158478282
12716.62399563306	76.91187158896291
12901.591550924093	75.93478982494905
13089.249521259411	74.946939220116
13279.637039626952	74.03863463857748
13472.793808217073	73.28836290441319
13668.760106701786	72.75345767677125
13867.576800634426	72.46335830118413
14069.285349971487	72.41734130564348
14273.927817718419	72.58701766906766
14481.54687870117	72.92197460279044
14692.18582846533	73.35668702375182
14905.888592304698	73.81866298032767
15122.699734421185	74.23952102527667
15342.664467217943	74.56909878299635
15565.828660727671	74.7882051823415
15792.238852178061	74.91133802767166
16021.942255696367	74.9717415386129
16254.986772155136	74.99006978678158
16491.42099916115	74.94153470571658
16731.294241189662	74.74337679794297
16974.65651986603	74.27456579787824
17221.558584396902	73.41846588985598
17472.051922153143	72.10380876522972
17726.188769406665	70.32318289202134
17984.022122223458	68.12596240205126
18245.605747515034	65.59537068435574
18510.99419425065	62.82251896024612
18780.242804832582	59.89316338560929
19053.40772663689	56.91064870400901
19330.545923722028	54.06852964041224
19611.71518870775	51.70469284513827
19896.974154826825	50.13910602881122
20186.382308152035	49.25069933856599