20	93.21942800000001
20.290906698750476	93.21907212295227
20.586044732869844	93.2732016488772
20.885475648548283	93.32386190725681
21.189261887185914	93.36523952023349
21.49746679841394	93.39275153356088
21.810154653305165	93.41243414464229
22.12739065777668	93.42556972277056
22.449240966187475	93.43960750671764
22.77577269513385	93.46160086489967
23.107053937445478	93.49313152046714
23.44315377638505	93.53228879687043
23.784142300054445	93.5740345710356
24.130090616010463	93.61411710503344
24.481070866093134	93.64849041885726
24.837156241469714	93.67876974389586
25.1984209978975	93.70651919321547
25.56494047120865	93.73530327780982
25.936791093020236	93.76664535092891
26.3140504066728	93.80020315019429
26.69679708340074	93.8336695554547
27.08511093873791	93.86543447764336
27.47907294916184	93.89499756133705
27.878765268980047	93.92509770674489
28.284271247461966	93.95878389149146
28.695675446220072	93.9957724508402
29.11306365684382	94.03433992872596
29.536522918790062	94.07090458599176
29.966141537533712	94.10127174843903
30.402009102982383	94.1275245031959
30.844216508158908	94.15445231746608
31.29285596815558	94.18475439859515
31.74802103936409	94.21631076314213
32.20980663898519	94.24407376565878
32.67830906482211	94.26458168424986
33.153626015361866	94.27893652257833
33.63585661014871	94.29255967694233
34.125101410453844	94.31076592319653
34.62146244024586	94.3341275111812
35.12504320746613	94.35861040648624
35.635948725613716	94.37977970374794
36.15428553564419	94.39615104681212
36.68016172818701	94.40883452588703
37.21368696608603	94.41905401647251
37.754972507267915	94.42685998302645
38.30413122794313	94.43319580140489
38.86127764614443	94.4389192968916
39.4265279456077	94.44507134752843
40.000000000000206	94.449346
40.58181339750116	94.4492393338549
41.1720894657399	94.44848370348404
41.77095129709678	94.45214201232275
42.37852377437204	94.45855243829115
42.9949335968281	94.46064099768965
43.62030930661056	94.45560651449284
44.25478131555359	94.4468647646883
44.89848193237519	94.43828646161981
45.55154539026795	94.43058344146505
46.21410787489121	94.42354760617754
46.88630755277036	94.41627760469699
47.56828460010916	94.40687448971504
48.260181232021196	94.39435455114909
48.962141732186545	94.38380747692177
49.674312482939705	94.37795010499326
50.39684199579528	94.3724706290835
51.129880942417586	94.36451762945784
51.873582186040764	94.35662131830296
52.628100813345895	94.34481330020476
53.393594166801776	94.3267656730679
54.17022187747612	94.30917971321672
54.95814589832399	94.29320624246148
55.75753053796041	94.28157394860706
56.56854249492426	94.26229440473217
57.39135089244048	94.22148246021317
58.226127313687975	94.19496007835032
59.073045837580466	94.25562723467175
59.932283075067765	94.2650874366565
60.804018205965114	94.1674993380511
61.68843301631817	94.14795807230283
62.58571193631152	94.12034019067302
63.49604207872855	94.08626307832809
64.41961327797075	94.08030589892442
65.35661812964459	94.06723075310381
66.3072520307241	94.03700801902082
67.27171322029778	94.02013647894731
68.25020282090806	93.99821788112773
69.2429248804921	93.96899091328909
70.25008641493265	93.93372666489408
71.27189745122783	93.91003607855627
72.30857107128878	93.88692354655332
73.36032345637442	93.85573963492361
74.42737393217246	93.81763908565587
75.50994501453623	93.78365662737932
76.60826245588666	93.75089711394362
77.72255529228926	93.7131218805118
78.85305589121582	93.67747082618689
80.00000000000082	93.63708299999996
81.16362679500274	93.59717050115016
82.34417893148023	93.55543137502707
83.541902594194	93.51616504408197
84.75704754874454	93.47407926086464
85.98986719365665	93.42865525355136
87.24061861322157	93.38397927228148
88.50956263110764	93.33350515432848
89.79696386475084	93.28640600932937
91.10309078053635	93.2341124280647
92.42821574978288	93.18145239854192
93.77261510554118	93.14567175493778
95.13656920021877	93.09761403348656
96.52036246404286	93.05771312504989
97.92428346437356	93.02099713488892
99.34862496587989	92.979497292869
100.79368399159105	92.93324780012776
102.25976188483567	92.89038141004347
103.74716437208203	92.8511555589204
105.25620162669229	92.80877890667365
106.78718833360406	92.76869098302035
108.34044375495276	92.71835293637236
109.9162917966485	92.66381772278531
111.51506107592134	92.612348337634
113.13708498984903	92.57397081831917
114.78270178488147	92.53401536987988
116.45225462737648	92.47988122983804
118.14609167516147	92.46612621020704
119.86456615013608	92.4159830693108
121.60803641193078	92.30415564555037
123.3768660326369	92.25752212463145
125.17142387262359	92.20561474263334
126.99208415745765	92.16624321418549
128.83922655594208	92.12780334481586
130.71323625928977	92.07453542214523
132.61450406144883	92.02563795039283
134.5434264405962	91.97901677306655
136.50040564181674	91.92732133275898
138.48584976098482	91.87434739680579
140.50017282986593	91.82476961990977
142.5437949024563	91.78283108894342
144.61714214257822	91.73128342149764
146.7206469127495	91.68181610071636
148.8547478643456	91.63646404850424
151.01989002907314	91.59474935399285
153.216524911774	91.55500939260871
155.4451105845792	91.513032842065
157.70611178243232	91.46401819774456
160.00000000000236	91.42517899999996
162.3272535900062	91.37716403483242
164.6883578629612	91.33009632102748
167.08380518838874	91.27710040251294
169.51409509748981	91.23449062228399
171.97973438731407	91.19397697491667
174.4812372264439	91.15050265524378
177.01912526221608	91.10867989970662
179.5939277295025	91.06580795910901
182.20618156107355	91.02708131775651
184.85643149956664	90.96986024760754
187.54523021108326	90.92720401222927
190.27313840043846	90.88862119074105
193.04072492808663	90.8389893838082
195.84856692874806	90.78524808616811
198.69724993176072	90.73563080770167
201.58736798318304	90.68227746768798
204.5195237696723	90.63186517242798
207.49432874416505	90.58529846164969
210.5124032533856	90.5358153667574
213.57437666720915	90.48204911238231
216.68088750990657	90.4367874383897
219.83258359329807	90.40415339696804
223.03012215184378	90.37986179457764
226.2741699796992	90.34935915932336
229.5654035697641	90.31858791186517
232.90450925475412	90.29081196045051
236.2921833503241	90.24776170832756
239.72913230027333	90.09656860554483
243.21607282386276	90.19736354895699
246.75373206527502	90.16981756527373
250.34284774524843	90.14921589387576
253.9841683149166	90.13498288209907
257.67845311188546	90.11988532290516
261.42647251858085	90.10265160867868
265.22900812289896	90.07914497534284
269.08685288119375	90.06506295593594
273.0008112836349	90.04339878503932
276.97169952197106	90.0284456862686
281.00034565973334	90.00593071443
285.0875898049141	89.97702633520198
289.23428428515797	89.97022492691548
293.44129382550057	89.96357786909297
297.7094957286928	89.9928192173539
302.0397800581479	89.98518528113387
306.4330498235497	89.95023006350301
310.89022116916016	89.92647304175675
315.41222356486645	89.92512800286285
320.00000000000654	89.92503900000003
324.6545071800142	89.93139240230072
329.3767157259242	89.91886165292141
334.16761037677935	89.91339334771503
339.02819019498156	89.9143362538266
343.95946877463007	89.91485599216948
348.9624744528898	89.9193955034325
354.03825052443415	89.91050137259164
359.187855459007	89.8929503389493
364.4123631221491	89.87868105150233
369.71286299913527	89.87884695150989
375.0904604221685	89.88131980270656
380.54627680087896	89.86508407256584
386.08144985617537	89.85184901125395
391.6971338574982	89.83661628391556
397.3944998635236	89.82469924834908
403.1747359663683	89.82735111357108
409.0390475393468	89.82922166722213
414.9886574883323	89.81976122856585
421.0248065067734	89.79543217561614
427.1487533344206	89.76415380268932
433.3617750198154	89.74867381213942
439.6651671865984	89.74632589458764
446.06024430368984	89.74847717323023
452.54833995940066	89.74892862653442
459.13080713953053	89.77373004139356
465.8090185095106	89.83591729733047
472.58436670065066	90.10860199170088
479.45826460054917	89.91471447390414
486.432145647728	89.48377984817166
493.50746413055253	89.40626362091409
500.6856954904994	89.40321565731672
507.9683366298358	89.40314829288617
515.3569062237735	89.39295407287045
522.8529450371643	89.39427169496008
530.4580162458005	89.36597328735698
538.1737057623901	89.34463610549766
546.0016225672724	89.3293255248908
553.9433990439449	89.32602946079763
562.0006913194694	89.32719549221308
570.1751796098309	89.34387029583188
578.4685685703187	89.31585771594004
586.8825876510039	89.0692968211277
595.4189914573883	88.71524305528007
604.0795601162986	88.63720766759293
612.8660996471021	88.82687523136714
621.780442338323	88.8951832094666
630.8244471297356	88.91298767513153
640.0000000000159	88.89103700000001
649.3090143600314	88.89619605575832
658.7534314518515	88.89836207398675
668.3352207535618	88.89017075433249
678.0563803899662	88.86661737234556
687.9189375492632	88.83815059949323
697.9249489057827	88.83059384692689
708.0765010488715	88.78774233453471
718.3757109180171	88.75374131003291
728.8247262443015	88.74802620608982
739.425725998274	88.72483704250682
750.1809208443404	88.70153261707469
761.0925536017613	88.65718046712671
772.1628997123541	88.60612116091768
783.3942677149998	88.58972332109083
794.7889997270506	88.5724442426247
806.34947193274	88.55309917116925
818.0780950786972	88.49759264699681
829.9773149766683	88.43842636562783
842.0496130135506	88.43299402173031
854.2975066688449	88.42937074012467
866.7235500396347	88.39985296036167
879.3303343732008	88.35653816384165
892.1204886073838	88.35216271164049
905.0966799188055	88.35856749031961
918.2616142790653	88.35912312894243
931.6180370190256	88.34998440239798
945.1687334013056	88.34492640931823
958.9165292011028	88.33960988743992
972.8642912954606	88.36877060838097
987.0149282611097	88.37482467970587
1001.3713909810035	88.42506087439934
1015.9366732596762	88.49973691166672
1030.7138124475518	88.56625387086761
1045.7058900743334	88.61524383046539
1060.916032491606	88.67521051725753
1076.3474115247852	88.78172223264802
1092.0032451345498	88.89315824096475
1107.8867980878947	88.98843651004586
1124.0013826389438	89.07305976317839
1140.350359219667	89.15850516047213
1156.9371371406426	89.2923946639691
1173.765175302013	89.44395669761369
1190.837982914782	89.55969843295594
1208.1591202326028	89.67383991547258
1225.73219929421	89.77992301924161
1243.5608846766518	89.89419012767614
1261.648894259477	90.00518292231608
1280.0000000000375	90.11500300000026
1298.6180287200684	90.24718408864467
1317.5068629037087	90.38581712376559
1336.6704415071292	90.46533831198981
1356.112760779938	90.54172848232353
1375.8378750985323	90.67523454209561
1395.8498978115715	90.7613303220733
1416.153002097749	90.86079171087553
1436.7514218360407	90.94121492434012
1457.6494524886093	90.98528279814829
1478.8514519965543	91.0732054295422
1500.3618416886875	91.19205024781242
1522.1851072035295	91.23772110495126
1544.3257994247153	91.28793533446459
1566.788535430007	91.35486907501127
1589.5779994541087	91.43449951384571
1612.6989438654878	91.5262300855782
1636.156190157402	91.6145291089049
1659.9546299533442	91.68899086399267
1684.099226027109	91.76761108254303
1708.5950133376978	91.8576167875151
1733.4471000792773	91.95054811040261
1758.6606687464096	92.07018675175277
1784.2409772147755	92.22167319325966
1810.193359837619	92.36990194106426
1836.5232285581387	92.48530443652436
1863.2360740380593	92.60949111214418
1890.3374668026197	92.76807096279576
1917.833058402214	92.95239755848345
1945.7285825909298	93.1266482997325
1974.0298565222283	93.28106763402992
2002.7427819620161	93.44509753432718
2031.8733465193618	93.61988116658107
2061.4276248951132	93.87228996257207
2091.411780148677	94.03177823813817
2121.832064983222	94.22178938887373
2152.694823049581	94.40430883573566
2184.0064902691106	94.6002516919931
2215.7735961758003	94.81710636304565
2248.002765277899	95.02042421539879
2280.7007184393456	95.1616566838754
2313.874274281297	95.29086629750614
2347.530350604038	95.45302381627592
2381.6759658295764	95.60118872155563
2416.318240465218	95.69529497068193
2451.4643985884327	95.74591298697936
2487.1217693533167	95.80061723112097
2523.2977885189675	95.80332307569348
2560.0000000000887	95.81169750000008
2597.236057440151	95.83441435056179
2635.0137258074315	95.84626110531607
2673.340883014273	95.84399835206243
2712.225521559891	95.81706485748296
2751.6757501970797	95.82599099976194
2791.699795623158	95.83986181514973
2832.3060041955137	95.8132236165717
2873.502843672097	95.80933780289867
2915.2989049772345	95.83642499888367
2957.7029039931244	95.865321765664
3000.723683377391	95.85578940695639
3044.370214407075	95.81662171552756
3088.6515988494466	95.76111697993164
3133.57707086003	95.74648483178652
3179.1559989082334	95.6862916167423
3225.3978877309914	95.57928606214928
3272.3123803148205	95.43408311610959
3319.9092599067053	95.27067325074863
3368.198452054235	95.12962626460784
3417.190026675413	94.96590075395405
3466.8942001585724	94.76239331627049
3517.3213374928373	94.52270032006554
3568.4819544295697	94.33070315309374
3620.386719675257	94.16201143212562
3673.0464571162966	93.99467943633253
3726.472148076138	93.81014090620306
3780.6749336052594	93.62895413416692
3835.6661168044484	93.47767810659742
3891.45716518188	93.38857162276081
3948.059713044477	93.3204143722839
4005.4855639240527	93.21294741927666
4063.746693038744	93.11769974042838
4122.855249790247	93.06647836715399
4182.823560297375	93.03835183754568
4243.664129966465	93.04278711507456
4305.389646099183	92.96057441423237
4368.012980538242	92.91977764469432
4431.5471923516225	92.84780331746263
4496.00553055582	92.78518544351758
4561.401436878714	92.6626389927996
4627.748548562617	92.56435615697143
4695.060701208099	92.353441880738
4763.351931659176	91.88320062516185
4832.63648093046	91.34790278721376
4902.928797176889	92.04223494220376
4974.243538706657	92.37406167443604
5046.595577037959	92.8425114045057
5120.000000000202	92.44749285714187
5194.472114880326	92.14400311838885
5270.027451614888	91.88555891849451
5346.6817660285715	91.67692717397864
5424.451043119808	91.46805770755307
5503.351500394186	91.22906211218849
5583.399591246343	90.9636563306866
5664.612008391055	90.74862174720907
5747.005687344222	90.53921072009877
5830.597809954497	90.32589740873131
5915.405807986278	90.10740089226469
6001.447366754812	89.84257358908982
6088.740428814181	89.6521187178885
6177.303197698925	89.43656911018037
6267.154141720092	89.23256224216782
6358.3119978165005	89.00269520189796
6450.795775462017	88.75888930465473
6544.624760629676	88.5578374079294
6639.818519813445	88.4322481935362
6736.396904108505	88.30695315500635
6834.380053350861	88.16966649038656
6933.788400317181	88.12390170603572
7034.642674985712	88.14281405085242
7136.963908859177	88.23953305011156
7240.773439350552	88.40706773917549
7346.092914232631	88.66354546625159
7452.944296152315	89.0057408911482
7561.349867210557	89.36946280589909
7671.332233608935	89.68762875527364
7782.914330363799	89.9397134232685
7896.119426088994	90.07367150062748
8010.971127848146	89.86846810340384
8127.49338607753	89.42846296242293
8245.710499580537	88.79804565188303
8365.647120594791	88.21732932194631
8487.328259932974	87.67424799321108
8610.77929219841	87.18247880127609
8736.025961076528	86.7369517675539
8863.094384703289	86.3322240560023
8992.011061111683	86.05280833266572
9122.802873757471	85.7303841781537
9255.497097125279	85.52159607487178
9390.121402416245	85.34791165387175
9526.7038633184	85.2160875364166
9665.272961860968	85.1341724599311
9805.857594353829	85.0854916065557
9948.487077413367	85.02693342568787
10093.19115407597	85.16494182699171
10240.000000000457	85.15594479999947
10388.944229760706	85.07510379139481
10540.05490322983	85.17334367353607
10693.363532057198	85.37340520911187
10848.902086239672	85.34143930039217
11006.703000788428	85.05902510233432
11166.799182492743	84.74598162117465
11329.224016782166	84.45980360031137
11494.0113746885	84.07154652485214
11661.195619909053	83.68734801445368
11830.811615972614	83.32432638973167
12002.894733509682	82.9726182811024
12177.48085762842	83.22673332710411
12354.606395397908	82.51644532097293
12534.308283440243	82.20498990451908
12716.62399563306	81.8840731220819
12901.591550924093	83.08672248417831
13089.249521259411	84.02738915809061
13279.637039626952	84.55493768032194
13472.793808217073	84.64415511956838
13668.760106701786	84.28789441505069
13867.576800634426	83.4318705047809
14069.285349971487	82.78264139411611
14273.927817718419	82.54387206630614
14481.54687870117	83.05827781391979
14692.18582846533	83.97164195642418
14905.888592304698	84.85159644223646
15122.699734421185	85.44787941154539
15342.664467217943	85.53411552273566
15565.828660727671	84.95679909183873
15792.238852178061	83.82030002876435
16021.942255696367	82.75059606437472
16254.986772155136	81.8546639682593
16491.42099916115	81.28505135724093
16731.294241189662	80.9877513868293
16974.65651986603	80.85178906905142
17221.558584396902	80.70126481875094
17472.051922153143	80.16892038407958
17726.188769406665	79.14827287950774
17984.022122223458	77.53140269269839
18245.605747515034	75.05326737314864
18510.99419425065	72.36694800391363
18780.242804832582	69.17776740038119
19053.40772663689	65.02446177765283
19330.545923722028	55.90201308371962
19611.71518870775	37.494013008315335
19896.974154826825	25.058883
20186.382308152035	25.058883