* Exported with UsyTrace, available at https://usyless.uk/trace
* Freq(Hz)	SPL(dB)
20.000000	69.022973
20.290907	69.022973
20.586045	69.022973
20.885476	69.041959
21.189262	69.068538
21.497467	69.094909
21.810155	69.120197
22.127391	69.143718
22.449241	69.164016
22.775773	69.181613
23.107054	69.198764
23.443154	69.205121
23.784142	69.211571
24.130091	69.218115
24.481071	69.224754
24.837156	69.231489
25.198421	69.238322
25.564940	69.239582
25.936791	69.233394
26.314050	69.227115
26.696797	69.220745
27.085111	69.214282
27.479073	69.207726
27.878765	69.201074
28.284271	69.189462
28.695675	69.174413
29.113064	69.159145
29.536523	69.139840
29.966142	69.118613
30.402009	69.095990
30.844217	69.072393
31.292856	69.046676
31.748021	69.020107
32.209807	68.993720
32.678309	68.965519
33.153626	68.935181
33.635857	68.908835
34.125101	68.879259
34.621462	68.843915
35.125043	68.808630
35.635949	68.773380
36.154286	68.738100
36.680162	68.702790
37.213687	68.666502
37.754973	68.624140
38.304131	68.581777
38.861278	68.539118
39.426528	68.488332
40.000000	68.444230
40.581813	68.391310
41.172089	68.343762
41.770951	68.296391
42.378524	68.243430
42.994934	68.190447
43.620309	68.147969
44.254781	68.095556
44.898482	68.042641
45.551545	67.989704
46.214108	67.936744
46.886308	67.883761
47.568285	67.830854
48.260181	67.777935
48.962142	67.724993
49.674312	67.661040
50.396842	67.608135
51.129881	67.548294
51.873582	67.491254
52.628101	67.421737
53.393594	67.363462
54.170222	67.299577
54.958146	67.239199
55.757531	67.171756
56.568542	67.112644
57.391351	67.043931
58.226127	66.986084
59.073046	66.927098
59.932283	66.859518
60.804018	66.799299
61.688433	66.735376
62.585712	66.682459
63.496042	66.621006
64.419613	66.565009
65.356618	66.501712
66.307252	66.438451
67.271713	66.382501
68.250203	66.320957
69.242925	66.255925
70.250086	66.193150
71.271897	66.129351
72.308571	66.065339
73.360323	66.002809
74.427374	65.932247
75.509945	65.861625
76.608262	65.791061
77.722555	65.723870
78.853056	65.664507
80.000000	65.579302
81.163627	65.508687
82.344179	65.438112
83.541903	65.367531
84.757048	65.296903
85.989867	65.211706
87.240619	65.141150
88.509563	65.067687
89.796964	64.985319
91.103091	64.914759
92.428216	64.837754
93.772615	64.758956
95.136569	64.673743
96.520362	64.603158
97.924283	64.517957
99.348625	64.432755
100.793684	64.362162
102.259762	64.276950
103.747164	64.191737
105.256202	64.106522
106.787188	64.020088
108.340444	63.936089
109.916292	63.830269
111.515061	63.746309
113.137085	63.640422
114.782702	63.551444
116.452255	63.450565
118.146092	63.366380
119.864566	63.266592
121.608036	63.176787
123.376866	63.081572
125.171424	62.986948
126.992084	62.902993
128.839227	62.797081
130.713236	62.713133
132.614504	62.626277
134.543426	62.526454
136.500406	62.439337
138.485850	62.355371
140.500173	62.249514
142.543795	62.165555
144.617142	62.059663
146.720647	61.975712
148.854748	61.886167
151.019890	61.786310
153.216525	61.701893
155.445111	61.617945
157.706112	61.533995
160.000000	61.450043
162.327254	61.374937
164.688358	61.289727
167.083805	61.219102
169.514095	61.133905
171.979734	61.063347
174.481237	60.992730
177.019125	60.922159
179.593928	60.866150
182.206182	60.795606
184.856431	60.738401
187.545230	60.674537
190.273138	60.613062
193.040725	60.557639
195.848567	60.504736
198.697250	60.455800
201.587368	60.413443
204.519524	60.371085
207.494329	60.328727
210.512403	60.288023
213.574377	60.252672
216.680888	60.222474
219.832584	60.192229
223.030122	60.162247
226.274170	60.135866
229.565404	60.110665
232.904509	60.087135
236.292183	60.063626
239.729132	60.040049
243.216073	60.019626
246.753732	60.000356
250.342848	59.981079
253.984168	59.961886
257.678453	59.942963
261.426473	59.926836
265.229008	59.910475
269.086853	59.894169
273.000811	59.877970
276.971700	59.861536
281.000346	59.847030
285.087590	59.832972
289.234284	59.818708
293.441294	59.804659
297.709496	59.790622
302.039780	59.776380
306.433050	59.761722
310.890221	59.746683
315.412224	59.731424
320.000000	59.714698
324.654507	59.697073
329.376716	59.679301
334.167610	59.661800
339.028190	59.644044
343.959469	59.625359
348.962474	59.606095
354.038251	59.587468
359.187855	59.569906
364.412363	59.552089
369.712863	59.536947
375.090460	59.521827
380.546277	59.506529
386.081450	59.492620
391.697134	59.478509
397.394500	59.464193
403.174736	59.450254
409.039048	59.436165
414.988657	59.421870
421.024807	59.412766
427.148753	59.404784
433.361775	59.396686
439.665167	59.388469
446.060244	59.380134
452.548340	59.374525
459.130807	59.372662
465.809019	59.370772
472.584367	59.368855
479.458265	59.366909
486.432146	59.364936
493.507464	59.362933
500.685695	59.360902
507.968337	59.358841
515.356906	59.356750
522.852945	59.354629
530.458016	59.352476
538.173706	59.350293
546.001623	59.348077
553.943399	59.345830
562.000691	59.343550
570.175180	59.341236
578.468569	59.338889
586.882588	59.336508
595.418991	59.334092
604.079560	59.331641
612.866100	59.329595
621.780442	59.327554
630.824447	59.325483
640.000000	59.323381
649.309014	59.321250
658.753431	59.319087
668.335221	59.316893
678.056380	59.314667
687.918938	59.312408
697.924949	59.310117
708.076501	59.307792
718.375711	59.305434
728.824726	59.303041
739.425726	59.300613
750.180921	59.298150
761.092554	59.295652
772.162900	59.293117
783.394268	59.290545
794.789000	59.287935
806.349472	59.282550
818.078095	59.276695
829.977315	59.270755
842.049613	59.264729
854.297507	59.258615
866.723550	59.252413
879.330334	59.246120
892.120489	59.248166
905.096680	59.255271
918.261614	59.262480
931.618037	59.269793
945.168733	59.277213
958.916529	59.284741
972.864291	59.309489
987.014928	59.344799
1001.371391	59.382571
1015.936673	59.440961
1030.713812	59.499417
1045.705890	59.575960
1060.916032	59.659916
1076.347412	59.743874
1092.003245	59.849770
1107.886798	59.952224
1124.001383	60.039614
1140.350359	60.167432
1156.937137	60.273291
1173.765175	60.379195
1190.837983	60.506997
1208.159120	60.612878
1225.732199	60.718754
1243.560885	60.846562
1261.648894	60.952473
1280.000000	61.058331
1298.618029	61.164224
1317.506863	61.270107
1336.670442	61.354072
1356.112761	61.452069
1375.837875	61.537280
1395.849898	61.622492
1416.153002	61.711814
1436.751422	61.795777
1457.649452	61.901650
1478.851452	62.007561
1500.361842	62.113416
1522.185107	62.241228
1544.325799	62.369042
1566.788535	62.504864
1589.577999	62.668530
1612.698944	62.796853
1636.156190	62.964760
1659.954630	63.117721
1684.099226	63.245536
1708.595013	63.373352
1733.447100	63.501171
1758.660669	63.607032
1784.240977	63.690990
1810.193360	63.784759
1836.523229	63.869965
1863.236074	63.942875
1890.337467	64.025802
1917.833058	64.110805
1945.728583	64.181559
1974.029857	64.266764
2002.742782	64.340728
2031.873347	64.424692
2061.427625	64.508658
2091.411780	64.593018
2121.832065	64.692809
2152.694823	64.782435
2184.006490	64.888320
2215.773596	64.999950
2248.002765	65.122035
2280.700718	65.249845
2313.874274	65.377646
2347.530351	65.527370
2381.675966	65.664106
2416.318240	65.832024
2451.464399	65.998529
2487.121769	66.148237
2523.297789	66.319902
2560.000000	66.503676
2597.236057	66.671591
2635.013726	66.883362
2673.340883	67.095138
2712.225522	67.306900
2751.675750	67.518660
2791.699796	67.686572
2832.306004	67.898341
2873.502844	68.066260
2915.298905	68.234183
2957.702904	68.383606
3000.723683	68.489503
3044.370214	68.577106
3088.651599	68.639888
3133.577071	68.678432
3179.155999	68.704868
3225.397888	68.702407
3272.312380	68.678826
3319.909260	68.634091
3368.198452	68.550812
3417.190027	68.449995
3466.894200	68.344136
3517.321337	68.216324
3568.481954	68.110430
3620.386720	67.982626
3673.046457	67.876731
3726.472148	67.770865
3780.674934	67.664953
3835.666117	67.579283
3891.457165	67.508729
3948.059713	67.439659
4005.485564	67.386749
4063.746693	67.338392
4122.855250	67.291838
4182.823560	67.238887
4243.664130	67.185914
4305.389646	67.131521
4368.012981	67.046305
4431.547192	66.960690
4496.005531	66.854835
4561.401437	66.727023
4627.748549	66.599208
4695.060701	66.463261
4763.351932	66.299721
4832.636481	66.150006
4902.928797	66.000245
4974.243539	65.835456
5046.595577	65.700787
5120.000000	65.551045
5194.472115	65.423227
5270.027452	65.295345
5346.681766	65.145702
5424.451043	65.017889
5503.351500	64.879325
5583.399591	64.762258
5664.612008	64.634439
5747.005687	64.528579
5830.597810	64.422674
5915.405808	64.336059
6001.447367	64.250860
6088.740429	64.165660
6177.303198	64.110851
6267.154142	64.087459
6358.311998	64.071339
6450.795775	64.094777
6544.624761	64.132411
6639.818520	64.226898
6736.396904	64.332806
6834.380053	64.482516
6933.788400	64.626885
7034.642675	64.748474
7136.963909	64.807082
7240.773439	64.714809
7346.092914	64.412248
7452.944296	63.817724
7561.349867	62.899320
7671.332234	61.616233
7782.914330	60.133859
7896.119426	58.563752
8010.971128	57.037471
8127.493386	55.681138
8245.710500	54.529074
8365.647121	53.692251
8487.328260	53.160449
8610.779292	52.955436
8736.025961	52.973185
8863.094385	53.079038
8992.011061	53.160366
9122.802874	53.187638
9255.497097	53.140870
9390.121402	53.013051
9526.703863	52.863338
9665.272962	52.744547
9805.857594	52.733743
9948.487077	52.862245
10093.191154	53.219103
10240.000000	53.686503
10388.944230	54.153901
10540.054903	54.577418
10693.363532	54.957090
10848.902086	55.273025
11006.703001	55.572501
11166.799182	55.833033
11329.224017	56.127604
11494.011375	56.427069
11661.195620	56.682685
11830.811616	56.894452
12002.894734	56.983116
12177.480858	56.984448
12354.606395	56.899514
12534.308283	56.711513
12716.623996	56.412044
12901.591551	56.068717
13089.249521	55.759110
13279.637040	55.513612
13472.793808	55.429766
13668.760107	55.510060
13867.576801	55.783490
14069.285350	56.207026
14273.927818	56.683419
14481.546879	57.185680
14692.185828	57.609203
14905.888592	57.988872
15122.699734	58.324695
15342.664467	58.601317
15565.828661	58.734715
15792.238852	58.728438
16021.942256	58.593093
16254.986772	58.191337
16491.420999	57.556041
16731.294241	56.629171
16974.656520	55.381433
17221.558584	53.899012
17472.051922	52.205707
17726.188769	50.467757
17984.022122	48.838068
18245.605748	47.311827
18510.994194	46.016019
18780.242805	45.084928
19053.407727	44.571808
19330.545924	44.421445
19611.715189	44.421445
19896.974155	44.421445
20186.382308	44.421445