20	96.19555194875979
20.290906698750476	96.2288132747845
20.586044732869844	96.26207131351941
20.885475648548283	96.29532042906163
21.189261887185914	96.32855218073587
21.49746679841394	96.36175535820858
21.810154653305165	96.39491604284636
22.12739065777668	96.4280176993117
22.449240966187475	96.4610412990698
22.77577269513385	96.49396547169465
23.107053937445478	96.52676667143878
23.44315377638505	96.55941933814147
23.784142300054445	96.59189602589127
24.130090616010463	96.62416747189401
24.481070866093134	96.65620258213383
24.837156241469714	96.68796831868755
25.1984209978975	96.71942948462636
25.56494047120865	96.75054841558047
25.936791093020236	96.78128460203698
26.3140504066728	96.81159428263064
26.69679708340074	96.84143006366014
27.08511093873791	96.87074062963008
27.47907294916184	96.89947060909617
27.878765268980047	96.92756064696256
28.284271247461966	96.95494771059558
28.695675446220072	96.98156562886662
29.11306365684382	97.00734583838327
29.536522918790062	97.03221829476617
29.966141537533712	97.05611249931572
30.402009102982383	97.07895859017579
30.844216508158908	97.10068844903033
31.29285596815558	97.12123677787524
31.74802103936409	97.1405421055885
32.20980663898519	97.15854769092256
32.67830906482211	97.17520229581379
33.153626015361866	97.19046080912851
33.63585661014871	97.2042847063573
34.125101410453844	97.2166423373429
34.62146244024586	97.22750904383945
35.12504320746613	97.23686712115655
35.635948725613716	97.24470565008373
36.15428553564419	97.25102023262741
36.68016172818701	97.25581266569758
37.21368696608603	97.25909058171615
37.754972507267915	97.26086707701492
38.30413122794313	97.26116034070263
38.86127764614443	97.25999329032301
39.4265279456077	97.25739321683864
40.000000000000206	97.25339143972836
40.58181339750116	97.24802297190458
41.1720894657399	97.24132619231277
41.77095129709678	97.23334252169677
42.37852377437204	97.22411609555175
42.9949335968281	97.2136934281607
43.62030930661056	97.20212306205671
44.25478131555359	97.18945519882803
44.89848193237519	97.17574131159229
45.55154539026795	97.16103374554275
46.21410787489121	97.14538531602258
46.88630755277036	97.12884891080887
47.56828460010916	97.11147709764478
48.260181232021196	97.09332173424846
48.962141732186545	97.07443357699846
49.674312482939705	97.05486188353593
50.39684199579528	97.0346540008466
51.129880942417586	97.0138549238702
51.873582186040764	96.9925068054962
52.628100813345895	96.97064840333614
53.393594166801776	96.948314462056
54.17022187747612	96.92553504527729
54.95814589832399	96.9023348405401
55.75753053796041	96.87873246743263
56.56854249492426	96.85473983505508
57.39135089244048	96.830361615475
58.226127313687975	96.80559489553242
59.073045837580466	96.78042903664347
59.932283075067765	96.7548457433146
60.804018205965114	96.72881933835143
61.68843301631817	96.70231726993376
62.58571193631152	96.67530090366421
63.49604207872855	96.64772661412034
64.41961327797075	96.61954711225488
65.35661812964459	96.59071291741712
66.3072520307241	96.56117389488206
67.27171322029778	96.53088078893843
68.25020282090806	96.4997866852975
69.2429248804921	96.46784834575988
70.25008641493265	96.43502737642021
71.27189745122783	96.40129121195433
72.30857107128878	96.36661391209189
73.36032345637442	96.33097677199419
74.42737393217246	96.29436874799494
75.50994501453623	96.25678669545329
76.60826245588666	96.218235413547
77.72255529228926	96.1787274951125
78.85305589121582	96.13828298475075
80.00000000000082	96.09692885163115
81.16362679500274	96.05469828475621
82.34417893148023	96.01162982395893
83.541902594194	95.96776634729969
84.75704754874454	95.92315393757383
85.98986719365665	95.87784064960184
87.24061861322157	95.83187520730243
88.50956263110764	95.78530566979974
89.79696386475084	95.73817811526297
91.10309078053635	95.69053539823793
92.42821574978288	95.64241604306288
93.77261510554118	95.59385333547509
95.13656920021877	95.54487466474423
96.52036246404286	95.49550115388678
97.92428346437356	95.44574759826367
99.34862496587989	95.39562271428275
100.79368399159105	95.34512968118877
102.25976188483567	95.29426694026576
103.74716437208203	95.24302919719854
105.25620162669229	95.19140855884103
106.78718833360406	95.13939573070569
108.34044375495276	95.08698120208007
109.9162917966485	95.0341563502971
111.51506107592134	94.98091440720577
113.13708498984903	94.92725124739667
114.78270178488147	94.87316597258481
116.45225462737648	94.81866127663517
118.14609167516147	94.76374358100821
119.86456615013608	94.70842293177945
121.60803641193078	94.65271265011397
123.3768660326369	94.5966287123747
125.17142387262359	94.54018883252164
126.99208415745765	94.48341129630522
128.83922655594208	94.4263136524217
130.71323625928977	94.36891137009572
132.61450406144883	94.31121656781876
134.5434264405962	94.25323690473067
136.50040564181674	94.19497471535722
138.48584976098482	94.13642645857449
140.50017282986593	94.07758253702524
142.5437949024563	94.01842752073598
144.61714214257822	93.9589407850358
146.7206469127495	93.89909755170765
148.8547478643456	93.83887030558085
151.01989002907314	93.77823054338454
153.216524911774	93.71715079151299
155.4451105845792	93.65560681005975
157.70611178243232	93.59357988467349
160.00000000000236	93.53105909605381
162.3272535900062	93.46804345686199
164.6883578629612	93.40454381720734
167.08380518838874	93.34058444459556
169.51409509748981	93.27620418399798
171.97973438731407	93.21145709972987
174.4812372264439	93.1464124965336
177.01912526221608	93.08115422197513
179.5939277295025	93.01577916915818
182.20618156107355	92.95039492549208
184.85643149956664	92.88511655750015
187.54523021108326	92.82006258781163
190.27313840043846	92.75535030080835
193.04072492808663	92.69109059818767
195.84856692874806	92.6273827136851
198.69724993176072	92.56430917885572
201.58736798318304	92.50193148754533
204.5195237696723	92.440286913533
207.49432874416505	92.37938687251828
210.5124032533856	92.31921708023505
213.57437666720915	92.25973954951445
216.68088750990657	92.20089622289441
219.83258359329807	92.14261382914088
223.03012215184378	92.08480944880469
226.2741699796992	92.02739629173891
229.5654035697641	91.97028928212166
232.90450925475412	91.91341016093625
236.2921833503241	91.85669191322987
239.72913230027333	91.80008238750503
243.21607282386276	91.74354699930717
246.75373206527502	91.68707042531625
250.34284774524843	91.63065727949406
253.9841683149166	91.57433191793261
257.67845311188546	91.51813755402891
261.42647251858085	91.46213484260801
265.22900812289896	91.40640005223473
269.08685288119375	91.35102290791482
273.0008112836349	91.29610415919873
276.97169952197106	91.24175291071737
281.00034565973334	91.18808373305995
285.0875898049141	91.13521356019682
289.23428428515797	91.08325838533732
293.44129382550057	91.03232978350404
297.7094957286928	90.9825312887062
302.0397800581479	90.93395465766889
306.4330498235497	90.88667608106444
310.89022116916016	90.84075244449903
315.41222356486645	90.79621776691498
320.00000000000654	90.75307998415767
324.6545071800142	90.71131832209433
329.3767157259242	90.67088158618189
334.16761037677935	90.6316877332289
339.02819019498156	90.59362507705292
343.95946877463007	90.55655542682722
348.9624744528898	90.52031932619906
354.03825052443415	90.48474332704042
359.187855459007	90.44964890016739
364.4123631221491	90.41486227688532
369.71286299913527	90.38022433128778
375.0904604221685	90.3455996194351
380.54627680087896	90.31088381584098
386.08144985617537	90.27600897387146
391.6971338574982	90.24094628786716
397.3944998635236	90.20570631381544
403.1747359663683	90.17033685759846
409.0390475393468	90.13491892340636
414.9886574883323	90.09956120703183
421.0248065067734	90.06439361503347
427.1487533344206	90.02956022991818
433.3617750198154	89.99521209748991
439.6651671865984	89.96150021017807
446.06024430368984	89.92856904955552
452.54833995940066	89.89655099701653
459.13080713953053	89.86556184327702
465.8090185095106	89.83569754199017
472.58436670065066	89.80703225728104
479.45826460054917	89.77961765528299
486.432145647728	89.7534833181986
493.50746413055253	89.72863812308685
500.6856954904994	89.70507240135309
507.9683366298358	89.68276067486357
515.3569062237735	89.66166477311806
522.8529450371643	89.64173717178544
530.4580162458005	89.62292442153182
538.1737057623901	89.60517054481727
546.0016225672724	89.58842024877005
553.9433990439449	89.57262178113764
562.0006913194694	89.55772928661682
570.1751796098309	89.54370455811743
578.4685685703187	89.53051816853191
586.8825876510039	89.5181500326562
595.4189914573883	89.5065894628517
604.0795601162986	89.49583478072887
612.8660996471021	89.48589256119168
621.780442338323	89.47677661394987
630.8244471297356	89.468506866292
640.0000000000159	89.46110837129152
649.3090143600314	89.45461067331097
658.7534314518515	89.4490476925249
668.3352207535618	89.44445823170571
678.0563803899662	89.44088713395976
687.9189375492632	89.43838704318726
697.9249489057827	89.43702073238434
708.0765010488715	89.43686400826171
718.3757109180171	89.43800914806947
728.8247262443015	89.44056868774442
739.425725998274	89.44467924211483
750.1809208443404	89.45050500147472
761.0925536017613	89.45824059971578
772.1628997123541	89.46811311725764
783.3942677149998	89.48038307631161
794.7889997270506	89.49534446382295
806.34947193274	89.5133239387785
818.0780950786972	89.53467938316906
829.9773149766683	89.5597978619426
842.0496130135506	89.58909290714288
854.2975066688449	89.62300094629263
866.7235500396347	89.66197668639639
879.3303343732008	89.70648719587696
892.1204886073838	89.75700436460454
905.0966799188055	89.81399567302597
918.2616142790653	89.87791365037937
931.6180370190256	89.94918467191556
945.1687334013056	90.02819745978236
958.9165292011028	90.11529120497975
972.8642912954606	90.21074341706051
987.0149282611097	90.31475815254039
1001.3713909810035	90.42745561619387
1015.9366732596762	90.54886404296047
1030.7138124475518	90.67891458494056
1045.7058900743334	90.81743974127959
1060.916032491606	90.9641755786318
1076.3474115247852	91.11876749984101
1092.0032451345498	91.28077891787514
1107.8867980878947	91.44970203362446
1124.0013826389438	91.6249698874337
1140.350359219667	91.80596878505781
1156.9371371406426	91.9920505393705
1173.765175302013	92.18254454820209
1190.837982914782	92.37676988649966
1208.1591202326028	92.57404736872134
1225.73219929421	92.77371181388128
1243.5608846766518	92.97512518834306
1261.648894259477	93.17769127614105
1280.0000000000375	93.38087204979765
1298.6180287200684	93.58420553098156
1317.5068629037087	93.78732470214635
1336.6704415071292	93.98997671016328
1356.112760779938	94.1920410045289
1375.8378750985323	94.39354404968365
1395.8498978115715	94.59466754516393
1416.153002097749	94.79574695449662
1436.7514218360407	94.99725736261652
1457.6494524886093	95.19978464905469
1478.8514519965543	95.40398082976624
1500.3618416886875	95.61050315833435
1522.1851072035295	95.81993794761308
1544.3257994247153	96.03271230986817
1566.788535430007	96.2489998169908
1589.5779994541087	96.46862953037828
1612.6989438654878	96.69101285819238
1636.156190157402	96.91510703236982
1659.9546299533442	97.13943552384671
1684.099226027109	97.36218312953591
1708.5950133376978	97.58137543079596
1733.4471000792773	97.79513784255458
1758.6606687464096	98.00200876866798
1784.2409772147755	98.20125718802426
1810.193359837619	98.393133589808
1836.5232285581387	98.57897384759619
1863.2360740380593	98.76108880443309
1890.3374668026197	98.94241445742107
1917.833058402214	99.12596382888553
1945.7285825909298	99.31419143977834
1974.0298565222283	99.50842511765345
2002.7427819620161	99.70851521605054
2031.8733465193618	99.9127966235402
2061.4276248951132	100.11837230976113
2091.411780148677	100.32163676054402
2121.832064983222	100.51888852149223
2152.694823049581	100.70684934538238
2184.0064902691106	100.88292253462384
2215.7735961758003	101.04508696371877
2248.002765277899	101.19142490092386
2280.7007184393456	101.31939649875758
2313.874274281297	101.42507792097385
2347.530350604038	101.50264101990133
2381.6759658295764	101.54435241156393
2416.318240465218	101.54130068254938
2451.4643985884327	101.48491870021147
2487.1217693533167	101.36915402325252
2523.2977885189675	101.19286835949889
2560.0000000000887	100.96177487673216
2597.236057440151	100.68907885716209
2635.0137258074315	100.39415651691411
2673.340883014273	100.09919944906511
2712.225521559891	99.82461480611089
2751.6757501970797	99.58460920420438
2791.699795623158	99.3843178441979
2832.3060041955137	99.21914300859703
2873.502843672097	99.07618291689123
2915.2989049772345	98.93719462182688
2957.7029039931244	98.78244014143914
3000.723683377391	98.59480414156259
3044.370214407075	98.36356087542079
3088.6515988494466	98.08705778067336
3133.57707086003	97.77350441749408
3179.1559989082334	97.4392778316769
3225.3978877309914	97.10485505198469
3272.3123803148205	96.78947455557919
3319.9092599067053	96.50636940717801
3368.198452054235	96.26038274047323
3417.190026675413	96.0488633935679
3466.8942001585724	95.8652463456831
3517.3213374928373	95.70339693933312
3568.4819544295697	95.56053279116975
3620.386719675257	95.43757380475078
3673.0464571162966	95.3373801468436
3726.472148076138	95.26237721753317
3780.6749336052594	95.2129754085393
3835.6661168044484	95.18739425293228
3891.45716518188	95.18269479928098
3948.059713044477	95.1963164721171
4005.4855639240527	95.22718804639051
4063.746693038744	95.27562227912847
4122.855249790247	95.34204957026277
4182.823560297375	95.42583719720183
4243.664129966465	95.52535280541697
4305.389646099183	95.63882741063149
4368.012980538242	95.7644744756992
4431.5471923516225	95.89888065780725
4496.00553055582	96.03426291957584
4561.401436878714	96.15643105681191
4627.748548562617	96.24534679051665
4695.060701208099	96.2789075083882
4763.351931659176	96.23872540049138
4832.63648093046	96.11530642633538
4902.928797176889	95.91009980234216
4974.243538706657	95.63376442913871
5046.595577037959	95.30244990816759
5120.000000000202	94.93429635549076
5194.472114880326	94.54687685439563
5270.027451614888	94.15552214055297
5346.6817660285715	93.77255208740628
5424.451043119808	93.4080379333338
5503.351500394186	93.07279688681605
5583.399591246343	92.7818117208579
5664.612008391055	92.55410501365009
5747.005687344222	92.40649587520421
5830.597809954497	92.34256998827492
5915.405807986278	92.34223740055938
6001.447366754812	92.35929494310653
6088.740428814181	92.33166944831757
6177.303197698925	92.20205169615011
6267.154141720092	91.94101094749473
6358.3119978165005	91.56280776445585
6450.795775462017	91.12502314711186
6544.624760629676	90.70872837188422
6639.818519813445	90.387993579374
6736.396904108505	90.20948873257161
6834.380053350861	90.19956918946316
6933.788400317181	90.39317971461733
7034.642674985712	90.85496092488353
7136.963908859177	91.66195993142401
7240.773439350552	92.84574551110312
7346.092914232631	94.33273484948205
7452.944296152315	95.93792120318999
7561.349867210557	97.42843053107802
7671.332233608935	98.61040316295451
7782.914330363799	99.38141996864717
7896.119426088994	99.7314853090448
8010.971127848146	99.71045613124899
8127.49338607753	99.38620689741627
8245.710499580537	98.80869072435154
8365.647120594791	97.99255018099271
8487.328259932974	96.93095288221673
8610.77929219841	95.63624270747474
8736.025961076528	94.18011812014743
8863.094384703289	92.70150803807378
8992.011061111683	91.36864984176019
9122.802873757471	90.31158074836664
9255.497097125279	89.5669489273853
9390.121402416245	89.07601977266127
9526.7038633184	88.73461069415896
9665.272961860968	88.44953023919045
9805.857594353829	88.16506097464297
9948.487077413367	87.86471236177574
10093.19115407597	87.5652524227507
10240.000000000457	87.29902851958452
10388.944229760706	87.07923932226917
10540.05490322983	86.87799336307816
10693.363532057198	86.65274613581074
10848.902086239672	86.39892493390866
11006.703000788428	86.16599325958747
11166.799182492743	86.01410198811192
11329.224016782166	85.95739666644563
11494.0113746885	85.95540099147809
11661.195619909053	85.96250921730652
11830.811615972614	85.98423861117158
12002.894733509682	86.08158145332338
12177.48085762842	86.3135353141043
12354.606395397908	86.67297871158905
12534.308283440243	87.08655562881478
12716.62399563306	87.47472448872165
12901.591550924093	87.8014733357338
13089.249521259411	88.0678892653426
13279.637039626952	88.27489131961376
13472.793808217073	88.4060199147713
13668.760106701786	88.44033584741912
13867.576800634426	88.37207776531564
14069.285349971487	88.21883848471381
14273.927817718419	88.01726734164569
14481.54687870117	87.81184882198637
14692.18582846533	87.64572452235127
14905.888592304698	87.56280653788826
15122.699734421185	87.61711857397566
15342.664467217943	87.87495936796113
15565.828660727671	88.38751531059373
15792.238852178061	89.10951448433254
16021.942255696367	89.79273997998499
16254.986772155136	89.98264710127553
16491.42099916115	89.23608384224097
16731.294241189662	87.43735194557243
16974.65651986603	84.87635199839559
17221.558584396902	81.99440766444964
17472.051922153143	79.1071823869988
17726.188769406665	76.36728959380352
17984.022122223458	73.90736547824382
18245.605747515034	71.92949101091133
18510.99419425065	70.54458133673008
18780.242804832582	69.41765845360851
19053.40772663689	67.70383141157238
19330.545923722028	64.81678209141283
19611.71518870775	61.39576442513611
19896.974154826825	58.76086649715836
20186.382308152035	57.194960224393064