20	103.47958048582856
20.290906698750476	103.4883138691819
20.586044732869844	103.49705705678265
20.885475648548283	103.50582548238826
21.189261887185914	103.51464010209816
21.49746679841394	103.52352587946552
21.810154653305165	103.53251031594304
22.12739065777668	103.541622039198
22.449240966187475	103.55088945861442
22.77577269513385	103.56033949595454
23.107053937445478	103.56999640059169
23.44315377638505	103.5798806619364
23.784142300054445	103.59000803450083
24.130090616010463	103.60038869102246
24.481070866093134	103.61102651523076
24.837156241469714	103.62191853943963
25.1984209978975	103.63305452605138
25.56494047120865	103.6444166890124
25.936791093020236	103.65597955238002
26.3140504066728	103.66770994688804
26.69679708340074	103.6795671483152
27.08511093873791	103.69150316083605
27.47907294916184	103.70346314391786
27.878765268980047	103.71538597473788
28.284271247461966	103.72720493262804
28.695675446220072	103.73884848939525
29.11306365684382	103.75024118898763
29.536522918790062	103.76130459991847
29.966141537533712	103.77195832271602
30.402009102982383	103.7821210324999
30.844216508158908	103.7917115346618
31.29285596815558	103.80064981060947
31.74802103936409	103.80885803076609
32.20980663898519	103.81626151288854
32.67830906482211	103.82278960462791
33.153626015361866	103.82837647034972
33.63585661014871	103.83296176411648
34.125101410453844	103.83649117371797
34.62146244024586	103.83891682480157
35.12504320746613	103.84019753973975
35.635948725613716	103.84029895290014
36.15428553564419	103.83919349151479
36.68016172818701	103.83686023752732
37.21368696608603	103.83328468883892
37.754972507267915	103.82845843811778
38.30413122794313	103.82237878533034
38.86127764614443	103.8150482978349
39.4265279456077	103.80647432994795
40.000000000000206	103.79666851269515
40.58181339750116	103.78564622411332
41.1720894657399	103.77342605025618
41.77095129709678	103.76002924548348
42.37852377437204	103.74547919690029
42.9949335968281	103.72980089398618
43.62030930661056	103.71302040327815
44.25478131555359	103.69516434909646
44.89848193237519	103.67625940189403
45.55154539026795	103.65633177499873
46.21410787489121	103.6354067296869
46.88630755277036	103.61350808917976
47.56828460010916	103.59065776442434
48.260181232021196	103.56687529771014
48.962141732186545	103.54217743348728
49.674312482939705	103.51657772851169
50.39684199579528	103.49008621527847
51.129880942417586	103.46270913273102
51.873582186040764	103.43444873470897
52.628100813345895	103.40530317952029
53.393594166801776	103.37526649535478
54.17022187747612	103.34432860763464
54.95814589832399	103.3124754085603
55.75753053796041	103.2796888500419
56.56854249492426	103.24594704795328
57.39135089244048	103.21122439216728
58.226127313687975	103.17549166100841
59.073045837580466	103.13871614450159
59.932283075067765	103.10086179009117
60.804018205965114	103.06188939589403
61.68843301631817	103.02175688545515
62.58571193631152	102.9804196974469
63.49604207872855	102.93783131160515
64.41961327797075	102.89394391676802
65.35661812964459	102.84870921459613
66.3072520307241	102.80207933998048
67.27171322029778	102.7540078641279
68.25020282090806	102.70445083426004
69.2429248804921	102.65336779844652
70.25008641493265	102.60072276378499
71.27189745122783	102.54648504233857
72.30857107128878	102.49062995266213
73.36032345637442	102.43313936041642
74.42737393217246	102.37400205638143
75.50994501453623	102.31321397950741
76.60826245588666	102.25077829361281
77.72255529228926	102.18670532378505
78.85305589121582	102.12101235452525
80.00000000000082	102.05372328782879
81.16362679500274	101.9848681592059
82.34417893148023	101.91448251687885
83.541902594194	101.84260668605097
84.75704754874454	101.76928495040724
85.98986719365665	101.69456468113815
87.24061861322157	101.61849544597914
88.50956263110764	101.54112813615333
89.79696386475084	101.46251415164733
91.10309078053635	101.38270468484006
92.42821574978288	101.30175014097266
93.77261510554118	101.21969973339438
95.13656920021877	101.13660129163704
96.52036246404286	101.05250131024424
97.92428346437356	100.96744524494231
99.34862496587989	100.88147804202583
100.79368399159105	100.79464488365261
102.25976188483567	100.70699212964534
103.74716437208203	100.618568420456
105.25620162669229	100.52942588539895
106.78718833360406	100.43962138520888
108.34044375495276	100.34921770904788
109.9162917966485	100.25828464435092
111.51506107592134	100.16689984958465
113.13708498984903	100.07514948502215
114.78270178488147	99.98312858159214
116.45225462737648	99.8909411401718
118.14609167516147	99.79869995198969
119.86456615013608	99.70652612432418
121.60803641193078	99.61454829357608
123.3768660326369	99.5229015178642
125.17142387262359	99.43172586431689
126.99208415745765	99.34116473467844
128.83922655594208	99.25136299661928
130.71323625928977	99.16246500581009
132.61450406144883	99.07461261332257
134.5434264405962	98.98794325082261
136.50040564181674	98.9025881801959
138.48584976098482	98.81867098957018
140.50017282986593	98.73630640952835
142.5437949024563	98.65559950746876
144.61714214257822	98.57664529371785
146.7206469127495	98.49952874162099
148.8547478643456	98.424325196046
151.01989002907314	98.35110112660222
153.216524911774	98.2799151694319
155.4451105845792	98.21081939900051
157.70611178243232	98.14386077182758
160.00000000000236	98.0790826765675
162.3272535900062	98.01652651313884
164.6883578629612	97.95623322143251
167.08380518838874	97.89824469019318
169.51409509748981	97.84260499216765
171.97973438731407	97.78936140860903
174.4812372264439	97.73856521723222
177.01912526221608	97.6902722200154
179.5939277295025	97.64454298613873
182.20618156107355	97.60144277806046
184.85643149956664	97.56104111967778
187.54523021108326	97.52341096484807
190.27313840043846	97.48862743638931
193.04072492808663	97.45676611940985
195.84856692874806	97.42790090369878
198.69724993176072	97.40210138755111
201.58736798318304	97.37942988945977
204.5195237696723	97.3599381470508
207.49432874416505	97.34366381011982
210.5124032533856	97.33062686549862
213.57437666720915	97.32082616042344
216.68088750990657	97.3142362023515
219.83258359329807	97.31080440538553
223.03012215184378	97.31044894047888
226.2741699796992	97.31305734194582
229.5654035697641	97.31848602824012
232.90450925475412	97.32656090351595
236.2921833503241	97.33707919663995
239.72913230027333	97.34981264592446
243.21607282386276	97.36451204478709
246.75373206527502	97.3809130253517
250.34284774524843	97.39874279828861
253.9841683149166	97.41772742732732
257.67845311188546	97.43759909265427
261.42647251858085	97.45810275439358
265.22900812289896	97.4790016984027
269.08685288119375	97.50008159770107
273.0008112836349	97.52115289414444
276.97169952197106	97.54205146202567
281.00034565973334	97.56263766713585
285.0875898049141	97.58279405643562
289.23428428515797	97.60242197963119
293.44129382550057	97.62143747085243
297.7094957286928	97.63976674587626
302.0397800581479	97.65734170239163
306.4330498235497	97.6740958061106
310.89022116916016	97.6899606976989
315.41222356486645	97.70486376809156
320.00000000000654	97.71872684636705
324.6545071800142	97.73146603962891
329.3767157259242	97.7429926454191
334.16761037677935	97.75321493809652
339.02819019498156	97.7620405540018
343.95946877463007	97.76937920468139
348.9624744528898	97.77514551806722
354.03825052443415	97.77926188829078
359.187855459007	97.78166124350066
364.4123631221491	97.78228964175022
369.71286299913527	97.78110858542182
375.0904604221685	97.77809691678394
380.54627680087896	97.77325214793059
386.08144985617537	97.76659110639372
391.6971338574982	97.75814981717512
397.3944998635236	97.74798260253455
403.1747359663683	97.73616042491696
409.0390475393468	97.72276853673735
414.9886574883323	97.70790353864135
421.0248065067734	97.69166997395862
427.1487533344206	97.67417658960663
433.3617750198154	97.65553239338331
439.6651671865984	97.63584265427626
446.06024430368984	97.61520500017618
452.54833995940066	97.59370576125792
459.13080713953053	97.57141671918149
465.8090185095106	97.54839242125334
472.58436670065066	97.52466816204792
479.45826460054917	97.50025865385942
486.432145647728	97.47515734111673
493.50746413055253	97.44933629974363
500.6856954904994	97.4227466899587
507.9683366298358	97.39531977283427
515.3569062237735	97.36696855543266
522.8529450371643	97.33759016357472
530.4580162458005	97.30706898237658
538.1737057623901	97.27528049164123
546.0016225672724	97.24209569040104
553.9433990439449	97.2073859781625
562.0006913194694	97.1710283056634
570.1751796098309	97.13291041619662
578.4685685703187	97.09293608207595
586.8825876510039	97.0510302435846
595.4189914573883	97.00714390373652
604.0795601162986	96.96125862263375
612.8660996471021	96.91339036031086
621.780442338323	96.86359228461224
630.8244471297356	96.81195608395012
640.0000000000159	96.75861137315688
649.3090143600314	96.70372289044668
658.7534314518515	96.64748529594534
668.3352207535618	96.59011574378515
678.0563803899662	96.531844834233
687.9189375492632	96.47290683736969
697.9249489057827	96.4135301846305
708.0765010488715	96.3539293585987
718.3757109180171	96.29429941132707
728.8247262443015	96.23481412313971
739.425725998274	96.17562819050632
750.1809208443404	96.11688300256822
761.0925536017613	96.05871498804153
772.1628997123541	96.00126549141275
783.3942677149998	95.9446913001972
794.7889997270506	95.88917504583824
806.34947193274	95.83493483186253
818.0780950786972	95.78223266716236
829.9773149766683	95.73138138674935
842.0496130135506	95.68274964221307
854.2975066688449	95.63676450385763
866.7235500396347	95.5939114492947
879.3303343732008	95.55473161596531
892.1204886073838	95.51981596818486
905.0966799188055	95.4897960353257
918.2616142790653	95.46533103976567
931.6180370190256	95.44709145153871
945.1687334013056	95.43573951075707
958.9165292011028	95.43190777108316
972.8642912954606	95.43617692195467
987.0149282611097	95.44905396617897
1001.3713909810035	95.47095178114128
1015.9366732596762	95.50217123132647
1030.7138124475518	95.5428868089176
1045.7058900743334	95.59313645624351
1060.916032491606	95.65281581972742
1076.3474115247852	95.7216771497006
1092.0032451345498	95.7993330532832
1107.8867980878947	95.88526536246879
1124.0013826389438	95.97883921538713
1140.350359219667	96.07932094291264
1156.9371371406426	96.1858971606636
1173.765175302013	96.29769361900667
1190.837982914782	96.41379419800835
1208.1591202326028	96.53326081177437
1225.73219929421	96.65515313869028
1243.5608846766518	96.77854533136437
1261.648894259477	96.90253842984484
1280.0000000000375	97.02627077743149
1298.6180287200684	97.14893000009408
1317.5068629037087	97.26976836052744
1336.6704415071292	97.38812120032551
1356.112760779938	97.50342910741826
1375.8378750985323	97.6152628971711
1395.8498978115715	97.72334613706194
1416.153002097749	97.8275691255734
1436.7514218360407	97.92799149391126
1457.6494524886093	98.02483325762915
1478.8514519965543	98.11845552753013
1500.3618416886875	98.20933226649784
1522.1851072035295	98.29801460304661
1544.3257994247153	98.38509126392559
1566.788535430007	98.47115191094288
1589.5779994541087	98.55675966964155
1612.6989438654878	98.6424340050637
1636.156190157402	98.72864364047153
1659.9546299533442	98.81580944011971
1684.099226027109	98.904313907586
1708.5950133376978	98.99450922665996
1733.4471000792773	99.0867166297439
1758.6606687464096	99.18121828754873
1784.2409772147755	99.27825115475052
1810.193359837619	99.37801214186089
1836.5232285581387	99.48067605282132
1863.2360740380593	99.58641838345547
1890.3374668026197	99.6954321376449
1917.833058402214	99.80793291413173
1945.7285825909298	99.92415160573661
1974.0298565222283	100.04431840790349
2002.7427819620161	100.16864721072831
2031.8733465193618	100.2973277719743
2061.4276248951132	100.43052603575751
2091.411780148677	100.56839471391925
2121.832064983222	100.71109192862602
2152.694823049581	100.85880432874545
2184.0064902691106	101.01177283474635
2215.7735961758003	101.17031944755306
2248.002765277899	101.3348735925173
2280.7007184393456	101.50598746088423
2313.874274281297	101.68432739837004
2347.530350604038	101.8706400315712
2381.6759658295764	102.06568760940594
2416.318240465218	102.27014285091481
2451.4643985884327	102.48444363900123
2487.1217693533167	102.70861228932124
2523.2977885189675	102.94205673336464
2560.0000000000887	103.1833828534447
2597.236057440151	103.43024089120273
2635.0137258074315	103.679227723559
2673.340883014273	103.92587830907941
2712.225521559891	104.16476816965252
2751.6757501970797	104.3897300412077
2791.699795623158	104.5942015067308
2832.3060041955137	104.77172899412072
2873.502843672097	104.91660128908964
2915.2989049772345	105.02450472188536
2957.7029039931244	105.09304036474678
3000.723683377391	105.12195469837303
3044.370214407075	105.11302233019332
3088.6515988494466	105.06963756155524
3133.57707086003	104.9962440446652
3179.1559989082334	104.89773377652001
3225.3978877309914	104.77889254602304
3272.3123803148205	104.64394009802517
3319.9092599067053	104.49622840557059
3368.198452054235	104.33815725113188
3417.190026675413	104.17129697834011
3466.8942001585724	103.99665484198387
3517.3213374928373	103.81503133752044
3568.4819544295697	103.62740297831917
3620.386719675257	103.43523753525676
3673.0464571162966	103.24067276106132
3726.472148076138	103.0465283842786
3780.6749336052594	102.85612008925776
3835.6661168044484	102.6728417165078
3891.45716518188	102.49952787402651
3948.059713044477	102.33777192203252
4005.4855639240527	102.18746433117701
4063.746693038744	102.0467266898874
4122.855249790247	101.91230540247541
4182.823560297375	101.78030006933571
4243.664129966465	101.64705192620394
4305.389646099183	101.51010562858497
4368.012980538242	101.36906758724726
4431.5471923516225	101.22610059741604
4496.00553055582	101.08592462271899
4561.401436878714	100.95531817154824
4627.748548562617	100.84214378804796
4695.060701208099	100.75408090048589
4763.351931659176	100.69734873001389
4832.63648093046	100.67548374215811
4902.928797176889	100.68817559828503
4974.243538706657	100.73046270885736
5046.595577037959	100.79275831489552
5120.000000000202	100.86205701129684
5194.472114880326	100.9242131985364
5270.027451614888	100.96669995445954
5346.6817660285715	100.9810427070083
5424.451043119808	100.96412632083809
5503.351500394186	100.91800930780119
5583.399591246343	100.84852198811178
5664.612008391055	100.76326517911869
5747.005687344222	100.66962577128841
5830.597809954497	100.57335389337823
5915.405807986278	100.47783343305527
6001.447366754812	100.38391172874694
6088.740428814181	100.29008131240677
6177.303197698925	100.19301230426717
6267.154141720092	100.08875736705917
6358.3119978165005	99.97421517860667
6450.795775462017	99.84802971944195
6544.624760629676	99.71065315413547
6639.818519813445	99.5639224178005
6736.396904108505	99.41049958564709
6834.380053350861	99.25320420184556
6933.788400317181	99.09421017598687
7034.642674985712	98.93421381103485
7136.963908859177	98.77211437565425
7240.773439350552	98.60619075298308
7346.092914232631	98.4369588760987
7452.944296152315	98.26994606416224
7561.349867210557	98.11593421163953
7671.332233608935	97.9878301033036
7782.914330363799	97.89512373604153
7896.119426088994	97.83782114624674
8010.971127848146	97.80303150230971
8127.49338607753	97.76703946569293
8245.710499580537	97.70255636314758
8365.647120594791	97.5877319612164
8487.328259932974	97.41141374397944
8610.77929219841	97.17146016534096
8736.025961076528	96.86900736812709
8863.094384703289	96.50389074862413
8992.011061111683	96.07392961118462
9122.802873757471	95.57655988326445
9255.497097125279	95.0111781653018
9390.121402416245	94.38196320317488
9526.7038633184	93.70050084473186
9665.272961860968	92.98696700712995
9805.857594353829	92.26770344579907
9948.487077413367	91.5705911593815
10093.19115407597	90.91981415911225
10240.000000000457	90.3322860653598
10388.944229760706	89.81719844333618
10540.05490322983	89.37834208003848
10693.363532057198	89.01857235344274
10848.902086239672	88.74348056878524
11006.703000788428	88.55763293006794
11166.799182492743	88.44542505460944
11329.224016782166	88.33764920850264
11494.0113746885	88.08087589151508
11661.195619909053	87.4445089679349
11830.811615972614	86.21349538625208
12002.894733509682	84.37812904537965
12177.48085762842	82.32729078100765
12354.606395397908	80.85514946757671
12534.308283440243	80.839030918993
12716.62399563306	82.68935932018526
12901.591550924093	85.98105948114973
13089.249521259411	89.63092849488625
13279.637039626952	92.46735163279675
13472.793808217073	93.76885981020477
13668.760106701786	93.48863881609896
13867.576800634426	92.1783634274156
14069.285349971487	90.77740304325624
14273.927817718419	90.30331624003266
14481.54687870117	91.32746463915052
14692.18582846533	93.43650312647641
14905.888592304698	95.3784080071205
15122.699734421185	96.00732539343092
15342.664467217943	95.07636704000612
15565.828660727671	93.1749292212917
15792.238852178061	91.09332268921497
16021.942255696367	89.34973459646454
16254.986772155136	88.21005052021033
16491.42099916115	87.92533735592903
16731.294241189662	88.57547935590743
16974.65651986603	89.11083377217572
17221.558584396902	86.49288945566254
17472.051922153143	77.59537280956508
17726.188769406665	64.3767444240972
17984.022122223458	54.01540410946875
18245.605747515034	49.63803715431927
18510.99419425065	49.057800187241874
18780.242804832582	49.51727083824578
19053.40772663689	49.697794705376225
19330.545923722028	49.12093618199106
19611.71518870775	47.90013462139448
19896.974154826825	46.86624314463964
20186.382308152035	46.30181098189246