20	102.55540543801254
20.290906698750476	102.54998849861484
20.586044732869844	102.54456008560567
20.885475648548283	102.53910155138517
21.189261887185914	102.53358657875259
21.49746679841394	102.52798237629791
21.810154653305165	102.5222509066537
22.12739065777668	102.51635014142613
22.449240966187475	102.51023531414131
22.77577269513385	102.50386012021093
23.107053937445478	102.49717779846758
23.44315377638505	102.49014202798985
23.784142300054445	102.48270758786057
24.130090616010463	102.4748307524494
24.481070866093134	102.46646942443562
24.837156241469714	102.45758303560177
25.1984209978975	102.448132266648
25.56494047120865	102.43807864956229
25.936791093020236	102.42738411895547
26.3140504066728	102.41601057308131
26.69679708340074	102.40391949295207
27.08511093873791	102.39107165183792
27.47907294916184	102.37742693094076
27.878765268980047	102.36294424348804
28.284271247461966	102.34758156104188
28.695675446220072	102.33129603265503
29.11306365684382	102.31404418820165
29.536522918790062	102.29578221974856
29.966141537533712	102.27646633727701
30.402009102982383	102.25605319577978
30.844216508158908	102.23450038841287
31.29285596815558	102.2117669944348
31.74802103936409	102.18781416243631
32.20980663898519	102.16260570216059
32.67830906482211	102.13610865563446
33.153626015361866	102.10829382156467
33.63585661014871	102.07913621413515
34.125101410453844	102.04861544517352
34.62146244024586	102.0167160244806
35.12504320746613	101.98342757627199
35.635948725613716	101.94874497119895
36.15428553564419	101.9126683747452
36.68016172818701	101.8752032147919
37.21368696608603	101.83636007380875
37.754972507267915	101.79615451387731
38.30413122794313	101.75460684481257
38.86127764614443	101.71174184645122
39.4265279456077	101.66758845555714
40.000000000000206	101.62217942601808
40.58181339750116	101.57555096873881
41.1720894657399	101.52774237579496
41.77095129709678	101.47879563255232
42.37852377437204	101.42875502119233
42.9949335968281	101.3776667186216
43.62030930661056	101.32557839114666
44.25478131555359	101.2725387884261
44.89848193237519	101.21859734036644
45.55154539026795	101.16380376201504
46.21410787489121	101.10820767211605
46.88630755277036	101.05185823042797
47.56828460010916	100.99480379715094
48.260181232021196	100.93709161515523
48.962141732186545	100.8787675129071
49.674312482939705	100.81987562383033
50.39684199579528	100.76045811630073
51.129880942417586	100.70055492732577
51.873582186040764	100.64020349251142
52.628100813345895	100.5794384653573
53.393594166801776	100.51829142029277
54.17022187747612	100.45679053648458
54.95814589832399	100.39496026343133
55.75753053796041	100.33282097426094
56.56854249492426	100.27038861790749
57.39135089244048	100.2076743865197
58.226127313687975	100.14468441968992
59.073045837580466	100.08141957265912
59.932283075067765	100.01787527990773
60.804018205965114	99.9540415467704
61.68843301631817	99.88990309996903
62.58571193631152	99.82543972318676
63.49604207872855	99.76062679382451
64.41961327797075	99.69543602299697
65.35661812964459	99.62983638502035
66.3072520307241	99.56379520659708
67.27171322029778	99.49727937361816
68.25020282090806	99.43025660729367
69.2429248804921	99.36269675939366
70.25008641493265	99.29457307635299
71.27189745122783	99.22586338298163
72.30857107128878	99.15655113947481
73.36032345637442	99.08662633177127
74.42737393217246	99.01608616363386
75.50994501453623	98.9449355267378
76.60826245588666	98.87318723131466
77.72255529228926	98.80086198600837
78.85305589121582	98.72798812360215
80.00000000000082	98.65460107863534
81.16362679500274	98.58074263308211
82.34417893148023	98.50645995604877
83.541902594194	98.43180446992577
84.75704754874454	98.35683057961535
85.98986719365665	98.28159430795218
87.24061861322157	98.20615189032625
88.50956263110764	98.13055838785047
89.79696386475084	98.05486637859502
91.10309078053635	97.97912478321395
92.42821574978288	97.90337787745052
93.77261510554118	97.82766453854335
95.13656920021877	97.75201776277721
96.52036246404286	97.67646447632119
97.92428346437356	97.60102564571888
99.34862496587989	97.5257166768267
100.79368399159105	97.4505480735355
102.25976188483567	97.3755263120348
103.74716437208203	97.30065487251342
105.25620162669229	97.22593535901795
106.78718833360406	97.1513686317535
108.34044375495276	97.07695587619457
109.9162917966485	97.00269953992907
111.51506107592134	96.9286040785823
113.13708498984903	96.85467646544265
114.78270178488147	96.78092643598748
116.45225462737648	96.70736645709214
118.14609167516147	96.63401142850262
119.86456615013608	96.5608781393643
121.60803641193078	96.48798451600126
123.3768660326369	96.41534870960312
125.17142387262359	96.34298808157729
126.99208415745765	96.27091815014725
128.83922655594208	96.19915156675401
130.71323625928977	96.12769719239567
132.61450406144883	96.05655934116267
134.5434264405962	95.98573725288651
136.50040564181674	95.91522484763337
138.48584976098482	95.84501079964575
140.50017282986593	95.77507894922508
142.5437949024563	95.7054090495141
144.61714214257822	95.63597782188465
146.7206469127495	95.566760270634
148.8547478643456	95.49773118638245
151.01989002907314	95.42886675016334
153.216524911774	95.36014613969428
155.4451105845792	95.2915530374503
157.70611178243232	95.22307694649686
160.00000000000236	95.1547142344768
162.3272535900062	95.08646884810221
164.6883578629612	95.01835266526138
167.08380518838874	94.9503854733313
169.51409509748981	94.88259458117035
171.97973438731407	94.81501408971553
174.4812372264439	94.74768386307339
177.01912526221608	94.68064826238147
179.5939277295025	94.61395472657873
182.20618156107355	94.54765230481036
184.85643149956664	94.48179025726087
187.54523021108326	94.41641684453212
190.27313840043846	94.35157841984548
193.04072492808663	94.28731892125111
195.84856692874806	94.22367982587161
198.69724993176072	94.16070057310507
201.58736798318304	94.09841938847215
204.5195237696723	94.03687435615207
207.49432874416505	93.97610452078831
210.5124032533856	93.91615077603308
213.57437666720915	93.85705632701644
216.68088750990657	93.79886658525919
219.83258359329807	93.74162844854314
223.03012215184378	93.68538900422698
226.2741699796992	93.63019375921637
229.5654035697641	93.57608455045938
232.90450925475412	93.52309732340994
236.2921833503241	93.47125998044444
239.72913230027333	93.42059050131047
243.21607282386276	93.37109552432527
246.75373206527502	93.32276954689102
250.34284774524843	93.2755948576018
253.9841683149166	93.22954225143447
257.67845311188546	93.18457251661141
261.42647251858085	93.14063861062496
265.22900812289896	93.09768835951618
269.08685288119375	93.05566743609513
273.0008112836349	93.01452231991027
276.97169952197106	92.97420293283712
281.00034565973334	92.93466467237656
285.0875898049141	92.89586962870105
289.23428428515797	92.85778686691398
293.44129382550057	92.82039176649154
297.7094957286928	92.78366450859978
302.0397800581479	92.74758788652444
306.4330498235497	92.71214468232436
310.89022116916016	92.67731489988392
315.41222356486645	92.6430731686556
320.00000000000654	92.60938663049761
324.6545071800142	92.57621359786458
329.3767157259242	92.54350322723963
334.16761037677935	92.51119638164003
339.02819019498156	92.47922774285061
343.95946877463007	92.44752909269276
348.9624744528898	92.4160335215203
354.03825052443415	92.38468017316418
359.187855459007	92.35341904183446
364.4123631221491	92.32221532696663
369.71286299913527	92.29105291754615
375.0904604221685	92.25993669965735
380.54627680087896	92.2288935364994
386.08144985617537	92.1979719039887
391.6971338574982	92.16724025724571
397.3944998635236	92.1367842744369
403.1747359663683	92.10670318626818
409.0390475393468	92.07710544167614
414.9886574883323	92.04810397910813
421.0248065067734	92.01981137353859
427.1487533344206	91.99233511310226
433.3617750198154	91.96577322881612
439.6651671865984	91.94021047523738
446.06024430368984	91.91571523785554
452.54833995940066	91.89233730694177
459.13080713953053	91.87010660170893
465.8090185095106	91.84903285335817
472.58436670065066	91.82910618415895
479.45826460054917	91.81029846673387
486.432145647728	91.79256531734079
493.50746413055253	91.77584857577514
500.6856954904994	91.76007913483043
507.9683366298358	91.745179985221
515.3569062237735	91.73106933174876
522.8529450371643	91.71766362919786
530.4580162458005	91.70488041941297
538.1737057623901	91.69264088944547
546.0016225672724	91.68087210535725
553.9433990439449	91.66950891029562
562.0006913194694	91.6584954919237
570.1751796098309	91.64778660844327
578.4685685703187	91.63734843910044
586.8825876510039	91.62715902876185
595.4189914573883	91.61720831729762
604.0795601162986	91.60749776856072
612.8660996471021	91.59803967304123
621.780442338323	91.58885625190385
630.8244471297356	91.57997869083636
640.0000000000159	91.57144619860357
649.3090143600314	91.56330517447856
658.7534314518515	91.55560858476969
668.3352207535618	91.54841566206734
678.0563803899662	91.54179203679004
687.9189375492632	91.53581038980154
697.9249489057827	91.53055169686601
708.0765010488715	91.52610706127088
718.3757109180171	91.52258002812442
728.8247262443015	91.52008921879087
739.425725998274	91.5187711265332
750.1809208443404	91.51878296297764
761.0925536017613	91.52030545501825
772.1628997123541	91.52354544962773
783.3942677149998	91.52873818741169
794.7889997270506	91.53614919612015
806.34947193274	91.54607579081753
818.0780950786972	91.55884810733363
829.9773149766683	91.5748294913618
842.0496130135506	91.59441599613244
854.2975066688449	91.61803472370366
866.7235500396347	91.64614076390221
879.3303343732008	91.67921249670792
892.1204886073838	91.71774499816249
905.0966799188055	91.76224130488305
918.2616142790653	91.81320136314527
931.6180370190256	91.8711086597382
945.1687334013056	91.9364149209375
958.9165292011028	92.00952360682037
972.8642912954606	92.09077306304088
987.0149282611097	92.18042026953677
1001.3713909810035	92.27862614383072
1015.9366732596762	92.38544336536002
1030.7138124475518	92.50080762919393
1045.7058900743334	92.62453303246721
1060.916032491606	92.7563119475639
1076.3474115247852	92.89571924248244
1092.0032451345498	93.04222028464817
1107.8867980878947	93.19518194762281
1124.0013826389438	93.35388570629588
1140.350359219667	93.51754195591045
1156.9371371406426	93.68530488751355
1173.765175302013	93.85628757730895
1190.837982914782	94.02957723807461
1208.1591202326028	94.20425080859523
1225.73219929421	94.37939109049017
1243.5608846766518	94.55410354022972
1261.648894259477	94.72753366046507
1280.0000000000375	94.89888477335165
1298.6180287200684	95.06743569828217
1317.5068629037087	95.23255762240338
1336.6704415071292	95.39372938560972
1356.112760779938	95.55055033504772
1375.8378750985323	95.70274975014804
1395.8498978115715	95.85019206347471
1416.153002097749	95.99287736734063
1436.7514218360407	96.13093694188606
1457.6494524886093	96.26462389644551
1478.8514519965543	96.39429935998083
1500.3618416886875	96.52041472036991
1522.1851072035295	96.6434905227346
1544.3257994247153	96.76409277274244
1566.788535430007	96.88280748246252
1589.5779994541087	97.00021465819397
1612.6989438654878	97.11686350750271
1636.156190157402	97.23325071328594
1659.9546299533442	97.34980334919985
1684.099226027109	97.46686734423733
1708.5950133376978	97.5847014001094
1733.4471000792773	97.70347571342515
1758.6606687464096	97.823274902768
1784.2409772147755	97.94410448650407
1810.193359837619	98.06590006720162
1836.5232285581387	98.18853814429278
1863.2360740380593	98.3118471553157
1890.3374668026197	98.43561717019978
1917.833058402214	98.5596065653336
1945.7285825909298	98.68354424385217
1974.0298565222283	98.8071268435789
2002.7427819620161	98.93001172315249
2031.8733465193618	99.05180809762318
2061.4276248951132	99.17207012134512
2091.411780148677	99.29029565195606
2121.832064983222	99.40593286838033
2152.694823049581	99.51839482318394
2184.0064902691106	99.62707979115274
2215.7735961758003	99.73139424314327
2248.002765277899	99.8307754192368
2280.7007184393456	99.92471110963704
2313.874274281297	100.01275507687905
2347.530350604038	100.0945372566085
2381.6759658295764	100.1697687945022
2416.318240465218	100.23824268950437
2451.4643985884327	100.29983097263141
2487.1217693533167	100.35447968424508
2523.2977885189675	100.40220244551396
2560.0000000000887	100.44307256982135
2597.236057440151	100.47721289561865
2635.0137258074315	100.50478253429591
2673.340883014273	100.52595970015194
2712.225521559891	100.54091920563951
2751.6757501970797	100.5498033972381
2791.699795623158	100.5526871015187
2832.3060041955137	100.54953916857401
2873.502843672097	100.5401864478969
2915.2989049772345	100.52428785922812
2957.7029039931244	100.50132704348412
3000.723683377391	100.47063223668364
3044.370214407075	100.43143013356972
3088.6515988494466	100.38293643285915
3133.57707086003	100.32448025589436
3179.1559989082334	100.2556524147874
3225.3978877309914	100.17646065715124
3272.3123803148205	100.0874645708273
3319.9092599067053	99.98985122033427
3368.198452054235	99.88540593964836
3417.190026675413	99.77634217396438
3466.8942001585724	99.66498658038459
3517.3213374928373	99.5533669810527
3568.4819544295697	99.44280361964091
3620.386719675257	99.33362971392991
3673.0464571162966	99.22514284565733
3726.472148076138	99.11581181556436
3780.6749336052594	99.0036690722145
3835.6661168044484	98.88675905878486
3891.45716518188	98.76351585249952
3948.059713044477	98.6329893504584
4005.4855639240527	98.49489339114143
4063.746693038744	98.3494989897234
4122.855249790247	98.19742993333703
4182.823560297375	98.03942998859242
4243.664129966465	97.87615685456385
4305.389646099183	97.70802282119968
4368.012980538242	97.53507525335165
4431.5471923516225	97.35691543422875
4496.00553055582	97.17268502443147
4561.401436878714	96.9811750134457
4627.748548562617	96.78110605270325
4695.060701208099	96.57156347401151
4763.351931659176	96.35248268123988
4832.63648093046	96.12500768219289
4902.928797176889	95.89154386752045
4974.243538706657	95.65542790451725
5046.595577037959	95.42030959031322
5120.000000000202	95.18947488081008
5194.472114880326	94.96532748001897
5270.027451614888	94.74915085885696
5346.6817660285715	94.54117179159329
5424.451043119808	94.3408498471975
5503.351500394186	94.14726608543737
5583.399591246343	93.95949765897146
5664.612008391055	93.77691351541492
5747.005687344222	93.59938483609447
5830.597809954497	93.42742674373457
5915.405807986278	93.26228322058482
6001.447366754812	93.10596875325368
6088.740428814181	92.96127563624829
6177.303197698925	92.8317493515267
6267.154141720092	92.72165271838027
6358.3119978165005	92.63595721696227
6450.795775462017	92.58038629003458
6544.624760629676	92.561513114476
6639.818519813445	92.5868662411545
6736.396904108505	92.664907716641
6834.380053350861	92.80468416518461
6933.788400317181	93.01499262489678
7034.642674985712	93.3030953671079
7136.963908859177	93.67323675658248
7240.773439350552	94.12511520382512
7346.092914232631	94.65189555492276
7452.944296152315	95.23701695142961
7561.349867210557	95.8499631288026
7671.332233608935	96.44282807201839
7782.914330363799	96.9508353360389
7896.119426088994	97.2998581383842
8010.971127848146	97.42152938751096
8127.49338607753	97.27179241053749
8245.710499580537	96.84453151478408
8365.647120594791	96.17286053239259
8487.328259932974	95.31736184295181
8610.77929219841	94.34801865820633
8736.025961076528	93.32878146440588
8863.094384703289	92.30948469332836
8992.011061111683	91.32478645730603
9122.802873757471	90.39734603900311
9255.497097125279	89.54196211275081
9390.121402416245	88.76884716780673
9526.7038633184	88.08563916950784
9665.272961860968	87.49763889885317
9805.857594353829	87.00654638799978
9948.487077413367	86.60922379323776
10093.19115407597	86.29878475145648
10240.000000000457	86.0689412926714
10388.944229760706	85.91989616273968
10540.05490322983	85.86220587967595
10693.363532057198	85.91517899995222
10848.902086239672	86.09768766884011
11006.703000788428	86.4136336042732
11166.799182492743	86.84017546436213
11329.224016782166	87.32731695923353
11494.0113746885	87.81053605627932
11661.195619909053	88.22901943981502
11830.811615972614	88.53880986307817
12002.894733509682	88.71463107463354
12177.48085762842	88.74529647082709
12354.606395397908	88.62990555856305
12534.308283440243	88.37738306737381
12716.62399563306	88.00453434789787
12901.591550924093	87.53241454324665
13089.249521259411	86.98090524018687
13279.637039626952	86.36541153914148
13472.793808217073	85.70056799853663
13668.760106701786	85.0068284649026
13867.576800634426	84.31430377532939
14069.285349971487	83.66204729568726
14273.927817718419	83.09375980787513
14481.54687870117	82.64960785686014
14692.18582846533	82.35416340882227
14905.888592304698	82.2089655560315
15122.699734421185	82.19037729053431
15342.664467217943	82.2436392741272
15565.828660727671	82.266127917714
15792.238852178061	82.10819609413029
16021.942255696367	81.62459305763815
16254.986772155136	80.7514344807402
16491.42099916115	79.5410068235767
16731.294241189662	78.11784047252192
16974.65651986603	76.60786941904765
17221.558584396902	75.11463139017165
17472.051922153143	73.73141993361531
17726.188769406665	72.55914396354454
17984.022122223458	71.68497319269028
18245.605747515034	71.12016078950236
18510.99419425065	70.76827473264113
18780.242804832582	70.42923057302544
19053.40772663689	69.86492549479404
19330.545923722028	68.96617079983038
19611.71518870775	67.92552738933101
19896.974154826825	67.11107482744974
20186.382308152035	66.61006310996036