* Exported with UsyTrace, available at https://usyless.uk/trace
* Freq(Hz)	SPL(dB)
20.000000	70.848353
20.290907	70.848353
20.586045	70.848353
20.885476	70.848353
21.189262	70.848353
21.497467	70.838030
21.810155	70.822712
22.127391	70.807171
22.449241	70.791403
22.775773	70.777689
23.107054	70.764505
23.443154	70.751128
23.784142	70.737557
24.130091	70.723841
24.481071	70.710116
24.837156	70.696191
25.198421	70.682063
25.564940	70.667730
25.936791	70.651895
26.314050	70.635655
26.696797	70.619178
27.085111	70.602067
27.479073	70.582691
27.878765	70.563034
28.284271	70.542817
28.695675	70.518523
29.113064	70.493875
29.536523	70.466480
29.966142	70.437018
30.402009	70.407591
30.844217	70.378156
31.292856	70.347186
31.748021	70.314463
32.209807	70.281795
32.678309	70.249004
33.153626	70.213332
33.635857	70.176393
34.125101	70.139720
34.621462	70.102901
35.125043	70.066043
35.635949	70.025170
36.154286	69.983073
36.680162	69.940945
37.213687	69.898998
37.754973	69.856931
38.304131	69.814682
38.861278	69.765697
39.426528	69.716679
40.000000	69.667621
40.581813	69.618522
41.172089	69.569383
41.770951	69.520367
42.378524	69.463313
42.994934	69.392860
43.620309	69.333360
44.254781	69.274495
44.898482	69.203448
45.551545	69.144059
46.214108	69.070518
46.886308	68.996944
47.568285	68.923339
48.260181	68.849701
48.962142	68.776100
49.674312	68.702550
50.396842	68.628968
51.129881	68.555354
51.873582	68.481708
52.628101	68.392984
53.393594	68.319388
54.170222	68.245760
54.958146	68.172123
55.757531	68.098583
56.568542	68.025010
57.391351	67.951406
58.226127	67.877769
59.073046	67.804163
59.932283	67.730615
60.804018	67.646702
61.688433	67.568165
62.585712	67.494612
63.496042	67.413108
64.419613	67.332219
65.356618	67.243461
66.307252	67.159235
67.271713	67.081004
68.250203	66.983249
69.242925	66.903449
70.250086	66.807257
71.271897	66.725890
72.308571	66.637122
73.360323	66.553388
74.427374	66.459528
75.509945	66.377400
76.608262	66.281930
77.722555	66.201406
78.853056	66.103229
80.000000	66.015608
81.163627	65.927225
82.344179	65.829156
83.541903	65.749181
84.757048	65.653163
85.989867	65.554991
87.240619	65.467673
88.509563	65.378977
89.796964	65.290093
91.103091	65.203007
92.428216	65.112508
93.772615	65.027032
95.136569	64.949133
96.520362	64.861338
97.924283	64.787726
99.348625	64.698915
100.793684	64.617456
102.259762	64.536523
103.747164	64.461673
105.256202	64.374182
106.787188	64.285665
108.340444	64.211763
109.916292	64.129991
111.515061	64.049363
113.137085	63.974214
114.782702	63.887026
116.452255	63.798195
118.146092	63.724610
119.864566	63.642527
121.608036	63.562203
123.376866	63.473457
125.171424	63.388651
126.992084	63.295865
128.839227	63.212667
130.713236	63.133432
132.614504	63.044706
134.543426	62.958784
136.500406	62.880896
138.485850	62.782804
140.500173	62.704658
142.543795	62.606818
144.617142	62.527104
146.720647	62.438369
148.854748	62.352938
151.019890	62.254828
153.216525	62.156721
155.445111	62.078825
157.706112	61.980666
160.000000	61.902815
162.327254	61.816841
164.688358	61.727984
167.083805	61.654440
169.514095	61.580864
171.979734	61.507256
174.481237	61.433615
177.019125	61.373559
179.593928	61.301612
182.206182	61.231530
184.856431	61.169658
187.545230	61.096086
190.273138	61.022481
193.040725	60.948844
195.848567	60.888497
198.697250	60.816827
201.587368	60.743284
204.519524	60.669709
207.494329	60.596102
210.512403	60.522463
213.574377	60.462301
216.680888	60.403435
219.832584	60.344568
223.030122	60.293744
226.274170	60.248748
229.565404	60.206593
232.904509	60.164595
236.292183	60.133127
239.729132	60.106346
243.216073	60.085567
246.753732	60.073577
250.342848	60.061413
253.984168	60.049072
257.678453	60.036552
261.426473	60.034726
265.229008	60.045767
269.086853	60.056969
273.000811	60.068334
276.971700	60.079864
281.000346	60.092240
285.087590	60.111595
289.234284	60.131231
293.441294	60.151152
297.709496	60.170485
302.039780	60.190093
306.433050	60.209987
310.890221	60.219252
315.412224	60.227394
320.000000	60.235655
324.654507	60.244036
329.376716	60.252539
334.167610	60.261166
339.028190	60.269918
343.959469	60.267097
348.962474	60.258463
354.038251	60.249704
359.187855	60.240817
364.412363	60.231801
369.712863	60.222654
375.090460	60.213373
380.546277	60.189318
386.081450	60.162471
391.697134	60.134173
397.394500	60.104713
403.174736	60.073570
409.039048	60.040817
414.988657	60.008174
421.024807	59.975355
427.148753	59.942769
433.361775	59.909883
439.665167	59.883029
446.060244	59.856147
452.548340	59.832270
459.130807	59.809681
465.809019	59.786763
472.584367	59.770676
479.458265	59.754410
486.432146	59.737907
493.507464	59.723842
500.685695	59.716644
507.968337	59.709341
515.356906	59.701932
522.852945	59.694415
530.458016	59.686789
538.173706	59.679052
546.001623	59.671202
553.943399	59.666511
562.000691	59.673160
570.175180	59.679905
578.468569	59.686748
586.882588	59.693691
595.418991	59.700735
604.079560	59.707882
612.866100	59.715132
621.780442	59.722488
630.824447	59.731407
640.000000	59.741642
649.309014	59.752026
658.753431	59.762562
668.335221	59.773250
678.056380	59.784094
687.918938	59.776544
697.924949	59.763357
708.076501	59.749978
718.375711	59.736405
728.824726	59.720706
739.425726	59.698262
750.180921	59.675492
761.092554	59.647359
772.162900	59.614596
783.394268	59.579138
794.789000	59.541742
806.349472	59.492738
818.078095	59.443725
829.977315	59.398598
842.049613	59.355648
854.297507	59.306589
866.723550	59.257589
879.330334	59.213021
892.120489	59.170883
905.096680	59.128848
918.261614	59.106103
931.618037	59.089894
945.168733	59.073450
958.916529	59.057756
972.864291	59.075857
987.014928	59.094222
1001.371391	59.112853
1015.936673	59.160617
1030.713812	59.229735
1045.705890	59.304369
1060.916032	59.402454
1076.347412	59.509567
1092.003245	59.626370
1107.886798	59.743176
1124.001383	59.875992
1140.350359	60.007163
1156.937137	60.123962
1173.765175	60.251417
1190.837983	60.369801
1208.159120	60.474371
1225.732199	60.586343
1243.560885	60.672666
1261.648894	60.761530
1280.000000	60.835071
1298.618029	60.908645
1317.506863	60.974030
1336.670442	61.032905
1356.112761	61.099044
1375.837875	61.172670
1395.849898	61.246316
1416.153002	61.319853
1436.751422	61.393423
1457.649452	61.480238
1478.851452	61.598615
1500.361842	61.716994
1522.185107	61.835374
1544.325799	61.973795
1566.788535	62.120945
1589.577999	62.298528
1612.698944	62.476114
1636.156190	62.653702
1659.954630	62.831293
1684.099226	63.009900
1708.595013	63.216813
1733.447100	63.424806
1758.660669	63.649909
1784.240977	63.871127
1810.193360	64.056340
1836.523229	64.289951
1863.236074	64.523556
1890.337467	64.733380
1917.833058	64.941365
1945.728583	65.163567
1974.029857	65.397172
2002.742782	65.626067
2031.873347	65.834004
2061.427625	66.042006
2091.411780	66.270802
2121.832065	66.504401
2152.694823	66.726679
2184.006490	66.910834
2215.773596	67.142640
2248.002765	67.320217
2280.700718	67.497786
2313.874274	67.705738
2347.530351	67.852929
2381.675966	68.017546
2416.318240	68.135935
2451.464399	68.254326
2487.121769	68.352496
2523.297789	68.427035
2560.000000	68.493010
2597.236057	68.539932
2635.013726	68.556953
2673.340883	68.574221
2712.225522	68.591741
2751.675750	68.590585
2791.699796	68.574419
2832.306004	68.558019
2873.502844	68.541380
2915.298905	68.503436
2957.702904	68.458554
3000.723683	68.407866
3044.370214	68.348980
3088.651599	68.291024
3133.577071	68.241978
3179.155999	68.214104
3225.397888	68.189532
3272.312380	68.181364
3319.909260	68.200799
3368.198452	68.220517
3417.190027	68.241658
3466.894200	68.266027
3517.321337	68.290751
3568.481954	68.319092
3620.386720	68.348645
3673.046457	68.392563
3726.472148	68.446556
3780.674934	68.512349
3835.666117	68.585970
3891.457165	68.679601
3948.059713	68.777770
4005.485564	68.916388
4063.746693	69.039704
4122.855250	69.156513
4182.823560	69.273325
4243.664130	69.389979
4305.389646	69.462861
4368.012981	69.495548
4431.547192	69.494187
4496.005531	69.461433
4561.401437	69.352225
4627.748549	69.204998
4695.060701	69.027418
4763.351932	68.735473
4832.636481	68.441097
4902.928797	68.146716
4974.243539	67.791553
5046.595577	67.436384
5120.000000	67.141994
5194.472115	66.786846
5270.027452	66.492471
5346.681766	66.213647
5424.451043	65.975280
5503.351500	65.767328
5583.399591	65.589750
5664.612008	65.442524
5747.005687	65.343292
5830.597810	65.274141
5915.405808	65.236136
6001.447367	65.206625
6088.740429	65.214579
6177.303198	65.244062
6267.154142	65.290492
6358.311998	65.357401
6450.795775	65.431036
6544.624761	65.526487
6639.818520	65.644876
6736.396904	65.803918
6834.380053	65.976945
6933.788400	66.210539
7034.642675	66.565696
7136.963909	67.004770
7240.773439	67.607170
7346.092914	68.364663
7452.944296	69.191145
7561.349867	70.013481
7671.332234	70.835831
7782.914330	71.422194
7896.119426	71.684729
8010.971128	71.562066
8127.493386	70.973288
8245.710500	69.981523
8365.647121	68.703201
8487.328260	67.292085
8610.779292	65.759390
8736.025961	64.348230
8863.094385	62.939057
8992.011061	61.700781
9122.802874	60.584069
9255.497097	59.562347
9390.121402	58.618424
9526.703863	57.796044
9665.272962	56.979355
9805.857594	56.212059
9948.487077	55.558731
10093.191154	54.848422
10240.000000	54.198883
10388.944230	53.610115
10540.054903	53.021337
10693.363532	52.493330
10848.902086	52.016520
11006.703001	51.558960
11166.799182	51.213319
11329.224017	50.951049
11494.011375	50.693634
11661.195620	50.516056
11830.811616	50.418873
12002.894734	50.376841
12177.480858	50.396869
12354.606395	50.470152
12534.308283	50.625765
12716.623996	50.920155
12901.591551	51.333877
13089.249521	51.922618
13279.637040	52.733216
13472.793808	53.707128
13668.760107	54.965927
13867.576801	56.448846
14069.285350	58.093643
14273.927818	59.799101
14481.546879	61.279011
14692.185828	62.440392
14905.888592	62.959168
15122.699734	62.917746
15342.664467	62.323794
15565.828661	61.379868
15792.238852	60.435976
16021.942256	59.651023
16254.986772	59.234038
16491.420999	59.183375
16731.294241	59.256921
16974.656520	59.270221
17221.558584	59.016792
17472.051922	58.285074
17726.188769	57.075982
17984.022122	55.460442
18245.605748	53.572561
18510.994194	51.684653
18780.242805	50.033489
19053.407727	49.015894
19330.545924	48.481715
19611.715189	48.481715
19896.974155	48.481715
20186.382308	48.481715