20	4.750813292446459
20.290906698750476	4.7396452105405675
20.586044732869844	4.728481111505415
20.885475648548283	4.717325028447834
21.189261887185914	4.706179171911585
21.49746679841394	4.695042237625774
21.810154653305165	4.68390843735833
22.12739065777668	4.672766867325225
22.449240966187475	4.661601505084501
22.77577269513385	4.650391429732683
23.107053937445478	4.639111332069908
23.44315377638505	4.627732653300048
23.784142300054445	4.616225038820597
24.130090616010463	4.604558189475077
24.481070866093134	4.592703691456864
24.837156241469714	4.580636071762778
25.1984209978975	4.56833316674575
25.56494047120865	4.555776150217701
25.936791093020236	4.542949088479237
26.3140504066728	4.529838439903766
26.69679708340074	4.516432543083544
27.08511093873791	4.502721205278334
27.47907294916184	4.488695547406429
27.878765268980047	4.474347776553062
28.284271247461966	4.459671120524498
28.695675446220072	4.444660016829269
29.11306365684382	4.429310504019282
29.536522918790062	4.413620554449555
29.966141537533712	4.397590148429998
30.402009102982383	4.381221298863229
30.844216508158908	4.364518511268561
31.29285596815558	4.347488809314936
31.74802103936409	4.33014153001444
32.20980663898519	4.312488412850627
32.67830906482211	4.294543424265319
33.153626015361866	4.27632221746614
33.63585661014871	4.257841340319786
34.125101410453844	4.239117153181021
34.62146244024586	4.220164773977367
35.12504320746613	4.200997296693374
35.635948725613716	4.181625262459318
36.15428553564419	4.16205577404763
36.68016172818701	4.142291582896285
37.21368696608603	4.122330685542501
37.754972507267915	4.102166546468125
38.30413122794313	4.0817880778102005
38.86127764614443	4.061179667085421
39.4265279456077	4.040321465961222
40.000000000000206	4.019189780826078
40.58181339750116	3.997757232256319
41.1720894657399	3.9759932185385876
41.77095129709678	3.9538643222323717
42.37852377437204	3.931334682913402
42.9949335968281	3.9083663487707883
43.62030930661056	3.8849196564063693
44.25478131555359	3.860954176524148
44.89848193237519	3.8364294597245263
45.55154539026795	3.8113055378160903
46.21410787489121	3.7855434760928466
46.88630755277036	3.7591055657970776
47.56828460010916	3.731955413122904
48.260181232021196	3.7040585990558843
48.962141732186545	3.6753829273241054
49.674312482939705	3.6458984361316045
50.39684199579528	3.6155769490019884
51.129880942417586	3.5843916093255492
51.873582186040764	3.552316541945929
52.628100813345895	3.5193265508505664
53.393594166801776	3.485396506307574
54.17022187747612	3.4505005311377284
54.95814589832399	3.41461155215974
55.75753053796041	3.3777009992373954
56.56854249492426	3.3397386967869362
57.39135089244048	3.3006931626970735
58.226127313687975	3.260532064398996
59.073045837580466	3.2192227489221783
59.932283075067765	3.1767328430656905
60.804018205965114	3.1330309200057833
61.68843301631817	3.0880872283968195
62.58571193631152	3.041874479235784
63.49604207872855	2.9943685991573044
64.41961327797075	2.945549090754332
65.35661812964459	2.8953989720282545
66.3072520307241	2.843904755025598
67.27171322029778	2.7910567285666126
68.25020282090806	2.7368493572339583
69.2429248804921	2.6812812507241146
70.25008641493265	2.6243552044543517
71.27189745122783	2.5660784036623063
72.30857107128878	2.506462075510285
73.36032345637442	2.445521117261867
74.42737393217246	2.38327384487068
75.50994501453623	2.3197414500268323
76.60826245588666	2.2549476630035135
77.72255529228926	2.188918333093316
78.85305589121582	2.1216810223431715
80.00000000000082	2.05326450742187
81.16362679500274	1.9836978991383312
82.34417893148023	1.9130105342565509
83.541902594194	1.8412312788041465
84.75704754874454	1.7683881026327417
85.98986719365665	1.694508217046634
87.24061861322157	1.6196183453641588
88.50956263110764	1.5437449599820219
89.79696386475084	1.4669148115984778
91.10309078053635	1.3891555365756565
92.42821574978288	1.3104964979732365
93.77261510554118	1.230969591944183
95.13656920021877	1.1506097885302593
96.52036246404286	1.069455458454926
97.92428346437356	0.9875478690552512
99.34862496587989	0.9049299991063094
100.79368399159105	0.8216455604492559
102.25976188483567	0.7377378723724969
103.74716437208203	0.6532493499615133
105.25620162669229	0.5682217811355892
106.78718833360406	0.4826973130211659
108.34044375495276	0.3967200322339118
109.9162917966485	0.31033801031222014
111.51506107592134	0.22360490246239584
113.13708498984903	0.13658067928473647
114.78270178488147	0.049332419913616046
116.45225462737648	-0.03806487038145838
118.14609167516147	-0.12552788243273025
119.86456615013608	-0.2129643729872621
121.60803641193078	-0.30027257464858775
123.3768660326369	-0.3873404134055519
125.17142387262359	-0.47404475412444425
126.99208415745765	-0.5602515121731011
128.83922655594208	-0.645815924706064
130.71323625928977	-0.7305845956395214
132.61450406144883	-0.8143988499096493
134.5434264405962	-0.8970982008060564
136.50040564181674	-0.9785231948047239
138.48584976098482	-1.058518841551784
140.50017282986593	-1.1369375994322437
142.5437949024563	-1.2136419570738346
144.61714214257822	-1.2885062706786283
146.7206469127495	-1.3614183595412501
148.8547478643456	-1.4322810307212988
151.01989002907314	-1.5010125733535136
153.216524911774	-1.5675473981954
155.4451105845792	-1.6318371574692936
157.70611178243232	-1.693851987168887
160.00000000000236	-1.75358143729797
162.3272535900062	-1.8110345866889785
164.6883578629612	-1.8662399801604372
167.08380518838874	-1.919245486616988
169.51409509748981	-1.9701178059741833
171.97973438731407	-2.018940683466914
174.4812372264439	-2.0658125572106436
177.01912526221608	-2.1108443935647463
179.5939277295025	-2.1541566533006327
182.20618156107355	-2.1958767041479894
184.85643149956664	-2.2361350488213603
187.54523021108326	-2.27506108330765
190.27313840043846	-2.3127790610674546
193.04072492808663	-2.3494042095502485
195.84856692874806	-2.38503882068294
198.69724993176072	-2.419768270477097
201.58736798318304	-2.4536574823294983
204.5195237696723	-2.486748562651118
207.49432874416505	-2.519059613289763
210.5124032533856	-2.5505839462770616
213.57437666720915	-2.5812901951516927
216.68088750990657	-2.611124147004365
219.83258359329807	-2.640011715066298
223.03012215184378	-2.667862251840174
226.2741699796992	-2.69457271092053
229.5654035697641	-2.720032027763944
232.90450925475412	-2.7441257539142607
236.2921833503241	-2.7667404907364324
239.72913230027333	-2.787768891030264
243.21607282386276	-2.80711403123633
246.75373206527502	-2.824692799523743
250.34284774524843	-2.840439427802356
253.9841683149166	-2.8543081567902138
257.67845311188546	-2.866276457114307
261.42647251858085	-2.8763467055879
265.22900812289896	-2.8845462704144946
269.08685288119375	-2.890926042020319
273.0008112836349	-2.895557422140664
276.97169952197106	-2.898530709077695
281.00034565973334	-2.8999513654745606
285.0875898049141	-2.899935053122206
289.23428428515797	-2.898604143646625
293.44129382550057	-2.8960854242712157
297.7094957286928	-2.8925076463657042
302.0397800581479	-2.887998519319143
306.4330498235497	-2.8826811857443393
310.89022116916016	-2.8766711958286693
315.41222356486645	-2.8700736357603915
320.00000000000654	-2.8629823339993803
324.6545071800142	-2.8554820811316253
329.3767157259242	-2.8476509054684325
334.16761037677935	-2.8395622366607216
339.02819019498156	-2.8312883696482634
343.95946877463007	-2.822903629799182
348.9624744528898	-2.8144868224354957
354.03825052443415	-2.8061242008234313
359.187855459007	-2.7979121140539536
364.4123631221491	-2.789959273013017
369.71286299913527	-2.782386421922154
375.0904604221685	-2.775326840357948
380.54627680087896	-2.7689259224404585
386.08144985617537	-2.7633399969355166
391.6971338574982	-2.7587334258673746
397.3944998635236	-2.755275396617626
403.1747359663683	-2.7531367792451
409.0390475393468	-2.7524840076385084
414.9886574883323	-2.7534712811782835
421.0248065067734	-2.756232304688562
427.1487533344206	-2.7608717233769426
433.3617750198154	-2.767457049690158
439.6651671865984	-2.7760125302837957
446.06024430368984	-2.7865176167823242
452.54833995940066	-2.798908789076358
459.13080713953053	-2.813083172907857
465.8090185095106	-2.8289050660871418
472.58436670065066	-2.846214192515971
479.45826460054917	-2.8648352769224497
486.432145647728	-2.884590481285505
493.50746413055253	-2.905314610827755
500.6856954904994	-2.926870038215883
507.9683366298358	-2.949156482183284
515.3569062237735	-2.9721157249185626
522.8529450371643	-2.9957330220890004
530.4580162458005	-3.0200315771555872
538.1737057623901	-3.045066305150972
546.0016225672724	-3.070916708065136
553.9433990439449	-3.0976802390796956
562.0006913194694	-3.125464619780334
570.1751796098309	-3.154375663959265
578.4685685703187	-3.184507854547203
586.8825876510039	-3.215936712509593
595.4189914573883	-3.248712864593257
604.0795601162986	-3.2828545712957227
612.8660996471021	-3.3183401247169404
621.780442338323	-3.3551019515117435
630.8244471297356	-3.3930226647530426
640.0000000000159	-3.4319310166354233
649.3090143600314	-3.4716052700297833
658.7534314518515	-3.5117851726478007
668.3352207535618	-3.5521882740950868
678.0563803899662	-3.5925257867665104
687.9189375492632	-3.6325155647155265
697.9249489057827	-3.6718961031602095
708.0765010488715	-3.7104398367229603
718.3757109180171	-3.7479621520835757
728.8247262443015	-3.7843284517333946
739.425725998274	-3.819457198984211
750.1809208443404	-3.853317075129271
761.0925536017613	-3.885919029914433
772.1628997123541	-3.9173047904609217
783.3942677149998	-3.9475213217357696
794.7889997270506	-3.976587791236974
806.34947193274	-4.004457548724723
818.0780950786972	-4.030988862199734
829.9773149766683	-4.055937632424013
842.0496130135506	-4.078969070266093
854.2975066688449	-4.099679800873687
866.7235500396347	-4.117620738476175
879.3303343732008	-4.132309892577163
892.1204886073838	-4.143240439534844
905.0966799188055	-4.149887778767988
918.2616142790653	-4.151714430727502
931.6180370190256	-4.148177071021726
945.1687334013056	-4.138732853518968
958.9165292011028	-4.122854878155752
972.8642912954606	-4.100061436349323
987.0149282611097	-4.069965373432596
1001.3713909810035	-4.032334723584366
1015.9366732596762	-3.987154802697499
1030.7138124475518	-3.9346501044538136
1045.7058900743334	-3.8752549088719994
1060.916032491606	-3.8095530369837585
1076.3474115247852	-3.738215557328135
1092.0032451345498	-3.661951287001405
1107.8867980878947	-3.581472243663726
1124.0013826389438	-3.4974831492775817
1140.350359219667	-3.410677631662615
1156.9371371406426	-3.3217377836507898
1173.765175302013	-3.231333700362378
1190.837982914782	-3.1401216696633942
1208.1591202326028	-3.048731681283692
1225.73219929421	-2.957738579949595
1243.5608846766518	-2.8676115477608892
1261.648894259477	-2.7786618235507117
1280.0000000000375	-2.6910078129984063
1298.6180287200684	-2.604583176492528
1317.5068629037087	-2.5191755988173594
1336.6704415071292	-2.4344842517285783
1356.112760779938	-2.3501568101124994
1375.8378750985323	-2.265820079433159
1395.8498978115715	-2.1810993969837145
1416.153002097749	-2.0956372049456946
1436.7514218360407	-2.009101701657579
1457.6494524886093	-1.9211845406077481
1478.8514519965543	-1.8315895963731774
1500.3618416886875	-1.7400224596701794
1522.1851072035295	-1.646189192092615
1544.3257994247153	-1.5497921519743212
1566.788535430007	-1.4505256690375585
1589.5779994541087	-1.3480869444261312
1612.6989438654878	-1.242189036362982
1636.156190157402	-1.132569345711477
1659.9546299533442	-1.0189881937292635
1684.099226027109	-0.9012205046733526
1708.5950133376978	-0.7790420941540432
1733.4471000792773	-0.6522046604362397
1758.6606687464096	-0.5204072176203507
1784.2409772147755	-0.3832697400677746
1810.193359837619	-0.24029255310851563
1836.5232285581387	-0.09080140164552991
1863.2360740380593	0.0660900014562511
1890.3374668026197	0.23148448852030426
1917.833058402214	0.4066649031119605
1945.7285825909298	0.5929842040233197
1974.0298565222283	0.7916408527067975
2002.7427819620161	1.003335631969862
2031.8733465193618	1.227913296390094
2061.4276248951132	1.4642595517561352
2091.411780148677	1.710497031525232
2121.832064983222	1.9643265559118763
2152.694823049581	2.2233503220831543
2184.0064902691106	2.485286218382507
2215.7735961758003	2.748030708793349
2248.002765277899	3.009644537566844
2280.7007184393456	3.2682909005961833
2313.874274281297	3.5221887919923898
2347.530350604038	3.769542737134483
2381.6759658295764	4.008489422884145
2416.318240465218	4.237097724901916
2451.4643985884327	4.45345801868594
2487.1217693533167	4.655917643566212
2523.2977885189675	4.84332120445394
2560.0000000000887	5.015205944068333
2597.236057440151	5.171716747581257
2635.0137258074315	5.313372982378938
2673.340883014273	5.440801700526435
2712.225521559891	5.554555001181223
2751.6757501970797	5.654986439797986
2791.699795623158	5.742236523267604
2832.3060041955137	5.816192845763384
2873.502843672097	5.876453438496948
2915.2989049772345	5.922215129751116
2957.7029039931244	5.952175003173289
3000.723683377391	5.964506473316825
3044.370214407075	5.956970849832147
3088.6515988494466	5.927207820659643
3133.57707086003	5.873260875910127
3179.1559989082334	5.794216772095221
3225.3978877309914	5.690734240587274
3272.3123803148205	5.564909686917876
3319.9092599067053	5.419675199175145
3368.198452054235	5.258099333271306
3417.190026675413	5.082896896399704
3466.8942001585724	4.896233972230409
3517.3213374928373	4.699751020926356
3568.4819544295697	4.494679368509279
3620.386719675257	4.2820064588943145
3673.0464571162966	4.062673787525874
3726.472148076138	3.8377452499896303
3780.6749336052594	3.6085961612840873
3835.6661168044484	3.3770734970082343
3891.45716518188	3.145479936542878
3948.059713044477	2.9163449802523447
4005.4855639240527	2.691963950188685
4063.746693038744	2.473700062722248
4122.855249790247	2.261659305844206
4182.823560297375	2.0550198792118253
4243.664129966465	1.8526224324392073
4305.389646099183	1.6534507107662255
4368.012980538242	1.456872002165117
4431.5471923516225	1.2626510985787334
4496.00553055582	1.0708386637763627
4561.401436878714	0.8816753571158985
4627.748548562617	0.6955140394218006
4695.060701208099	0.512829477043258
4763.351931659176	0.3341820156087093
4832.63648093046	0.16020843846772193
4902.928797176889	-0.008431481543848617
4974.243538706657	-0.17111876467799922
5046.595577037959	-0.32739740779639737
5120.000000000202	-0.4770942593852652
5194.472114880326	-0.6202452714626299
5270.027451614888	-0.7570299671938132
5346.6817660285715	-0.8876347554646338
5424.451043119808	-1.0121312755400813
5503.351500394186	-1.1304892429570266
5583.399591246343	-1.2426314811109995
5664.612008391055	-1.348527694233893
5747.005687344222	-1.4481917858210875
5830.597809954497	-1.5414205812293198
5915.405807986278	-1.6275286584929576
6001.447366754812	-1.7050925287870753
6088.740428814181	-1.7717812847697723
6177.303197698925	-1.824556509153139
6267.154141720092	-1.860301264441969
6358.3119978165005	-1.8773208313746095
6450.795775462017	-1.8767156508935252
6544.624760629676	-1.8620046594922448
6639.818519813445	-1.8377225388393919
6736.396904108505	-1.8080494661706366
6834.380053350861	-1.7761479294366846
6933.788400317181	-1.7441497946988072
7034.642674985712	-1.7134803793578381
7136.963908859177	-1.685312701449815
7240.773439350552	-1.6608287482703266
7346.092914232631	-1.6412349765304342
7452.944296152315	-1.627844302036319
7561.349867210557	-1.622581098827203
7671.332233608935	-1.6288243061722818
7782.914330363799	-1.6522559340548568
7896.119426088994	-1.7007602569296858
8010.971127848146	-1.7822891749462295
8127.49338607753	-1.9008707602481985
8245.710499580537	-2.0542410954137114
8365.647120594791	-2.235786726659488
8487.328259932974	-2.4385690309033965
8610.77929219841	-2.657836224875059
8736.025961076528	-2.89113688435795
8863.094384703289	-3.137295025097465
8992.011061111683	-3.3957550786171415
9122.802873757471	-3.6660976349155385
9255.497097125279	-3.9477871152098647
9390.121402416245	-4.240017843940875
9526.7038633184	-4.5415222237965915
9665.272961860968	-4.850535473503953
9805.857594353829	-5.164566278922246
9948.487077413367	-5.480743829479652
10093.19115407597	-5.796825071337467
10240.000000000457	-6.112391132319065
10388.944229760706	-6.428608106219394
10540.05490322983	-6.7470811250612766
10693.363532057198	-7.068988360655001
10848.902086239672	-7.394835433332956
11006.703000788428	-7.724716425821699
11166.799182492743	-8.058466546781618
11329.224016782166	-8.395577655057464
11494.0113746885	-8.735528639570898
11661.195619909053	-9.077551046091255
11830.811615972614	-9.420232797046387
12002.894733509682	-9.760729400032423
12177.48085762842	-10.094016587575272
12354.606395397908	-10.411765786205072
12534.308283440243	-10.703703930490768
12716.62399563306	-10.959401335591535
12901.591550924093	-11.173917394579787
13089.249521259411	-11.347520087224618
13279.637039626952	-11.475214063848993
13472.793808217073	-11.551289289495864
13668.760106701786	-11.575843965962127
13867.576800634426	-11.554755146471596
14069.285349971487	-11.497914940786078
14273.927817718419	-11.41650495219695
14481.54687870117	-11.319756534636666
14692.18582846533	-11.21561215284673
14905.888592304698	-11.110138463085953
15122.699734421185	-11.007260332444258
15342.664467217943	-10.910594032887442
15565.828660727671	-10.826308839261506
15792.238852178061	-10.765523369771257
16021.942255696367	-10.74256815207327
16254.986772155136	-10.766245328391845
16491.42099916115	-10.832025466780383
16731.294241189662	-10.926996124726578
16974.65651986603	-11.040949965029986
17221.558584396902	-11.169251144760784
17472.051922153143	-11.31029160165048
17726.188769406665	-11.463082618129889
17984.022122223458	-11.623893210289019
18245.605747515034	-11.785544399852641
18510.99419425065	-11.940065622664418
18780.242804832582	-12.083160900701294
19053.40772663689	-12.214252570790292
19330.545923722028	-12.333485023369986
19611.71518870775	-12.43772926540538
19896.974154826825	-12.518519140931746
20186.382308152035	-12.573298967610986