20	103.15331344310512
20.290906698750476	103.19359783558352
20.586044732869844	103.23387412509157
20.885475648548283	103.27412915190517
21.189261887185914	103.31434434716387
21.49746679841394	103.35449654689926
21.810154653305165	103.39455878910735
22.12739065777668	103.43450108824761
22.449240966187475	103.47429118165707
22.77577269513385	103.51389524212671
23.107053937445478	103.55327855065829
23.44315377638505	103.59240612362302
23.784142300054445	103.63124328936019
24.130090616010463	103.66975621045162
24.481070866093134	103.70791234902121
24.837156241469714	103.74568087322008
25.1984209978975	103.78303300374134
25.56494047120865	103.81994230010787
25.936791093020236	103.85638488774481
26.3140504066728	103.89233962829717
26.69679708340074	103.92778823678839
27.08511093873791	103.96271534959003
27.47907294916184	103.99710854680347
27.878765268980047	104.03095833217557
28.284271247461966	104.06425807380607
28.695675446220072	104.09700390987449
29.11306365684382	104.12919462486677
29.536522918790062	104.16083150249347
29.966141537533712	104.19191816114297
30.402009102982383	104.22246037638854
30.844216508158908	104.25246589343645
31.29285596815558	104.28194423134937
31.74802103936409	104.31090648066531
32.20980663898519	104.3393650962051
32.67830906482211	104.36733368690095
33.153626015361866	104.39482680438401
33.63585661014871	104.42185973228938
34.125101410453844	104.44844827902395
34.62146244024586	104.47460857767946
35.12504320746613	104.50035689701453
35.635948725613716	104.52570946657208
36.15428553564419	104.55068231759874
36.68016172818701	104.5752911406371
37.21368696608603	104.59955116130146
37.754972507267915	104.6234770374995
38.30413122794313	104.64708278302169
38.86127764614443	104.67038172296945
39.4265279456077	104.69338648579006
40.000000000000206	104.71610903504394
40.58181339750116	104.73856074165415
41.1720894657399	104.76075249409254
41.77095129709678	104.7826948397068
42.37852377437204	104.80439814606648
42.9949335968281	104.82587276816932
43.62030930661056	104.84712920651549
44.25478131555359	104.86817824246653
44.89848193237519	104.8890310401703
45.55154539026795	104.90969920781394
46.21410787489121	104.9301948144534
46.88630755277036	104.95053036196681
47.56828460010916	104.97071871474206
48.260181232021196	104.99077299235834
48.962141732186545	105.01070643233314
49.674312482939705	105.03053223055657
50.39684199579528	105.05026336625808
51.129880942417586	105.06991241647256
51.873582186040764	105.08949136259957
52.628100813345895	105.1090113894157
53.393594166801776	105.12848267528014
54.17022187747612	105.14791417159255
54.95814589832399	105.16731337002852
55.75753053796041	105.18668605766081
56.56854249492426	105.20603606244642
57.39135089244048	105.22536499414123
58.226127313687975	105.24467198795186
59.073045837580466	105.26395345988254
59.932283075067765	105.28320288339364
60.804018205965114	105.30241059620937
61.68843301631817	105.321563643514
62.58571193631152	105.3406456596233
63.49604207872855	105.3596367863353
64.41961327797075	105.37851362424192
65.35661812964459	105.39724921290248
66.3072520307241	105.41581303598012
67.27171322029778	105.43417104798793
68.25020282090806	105.45228572032595
69.2429248804921	105.47011610582142
70.25008641493265	105.48761792281005
71.27189745122783	105.50474366165584
72.30857107128878	105.52144271820073
73.36032345637442	105.5376615597343
74.42737393217246	105.55334392955277
75.50994501453623	105.56843109609524
76.60826245588666	105.58286215203779
77.72255529228926	105.59657436772386
78.85305589121582	105.60950360197408
80.00000000000082	105.62158477154661
81.16362679500274	105.63275237793785
82.34417893148023	105.64294108677905
83.541902594194	105.65208635139057
84.75704754874454	105.66012506875119
85.98986719365665	105.66699625393244
87.24061861322157	105.6726417183642
88.50956263110764	105.67700673782691
89.79696386475084	105.68004069737721
91.10309078053635	105.6816977018191
92.42821574978288	105.68193714159696
93.77261510554118	105.68072420508125
95.13656920021877	105.67803032888703
96.52036246404286	105.6738335783179
97.92428346437356	105.6681189511796
99.34862496587989	105.66087860027221
100.79368399159105	105.65211197207378
102.25976188483567	105.6418258606439
103.74716437208203	105.63003437606726
105.25620162669229	105.61675882585621
106.78718833360406	105.60202750644162
108.34044375495276	105.5858754010737
109.9162917966485	105.56834378049031
111.51506107592134	105.54947970384106
113.13708498984903	105.52933541926477
114.78270178488147	105.50796766539165
116.45225462737648	105.48543687629144
118.14609167516147	105.46180629290521
119.86456615013608	105.43714098399882
121.60803641193078	105.4115067798826
123.3768660326369	105.38496912352154
125.17142387262359	105.35759184670702
126.99208415745765	105.32943588261948
128.83922655594208	105.30055792975432
130.71323625928977	105.27100908529317
132.61450406144883	105.24083346865388
134.5434264405962	105.21006685836973
136.50040564181674	105.17873536816094
138.48584976098482	105.1468541911473
140.50017282986593	105.11442644413192
142.5437949024563	105.08144214589069
144.61714214257822	105.0478773635152
146.7206469127495	105.01369355921571
148.8547478643456	104.97883716722863
151.01989002907314	104.94323942709843
153.216524911774	104.90681649561003
155.4451105845792	104.86946985435873
157.70611178243232	104.8310870236597
160.00000000000236	104.79154258730216
162.3272535900062	104.75069952674401
164.6883578629612	104.7084108564286
167.08380518838874	104.66452154287481
169.51409509748981	104.61887067974178
171.97973438731407	104.57129388117283
174.4812372264439	104.52162584786295
177.01912526221608	104.46970305515504
179.5939277295025	104.41536650949269
182.20618156107355	104.3584645180814
184.85643149956664	104.29885541559159
187.54523021108326	104.23641019079906
190.27313840043846	104.17101495488954
193.04072492808663	104.10257319229878
195.84856692874806	104.0310077350031
198.69724993176072	103.95626240387978
201.58736798318304	103.87830326718748
204.5195237696723	103.79711947673576
207.49432874416505	103.71272365660143
210.5124032533856	103.62515183624888
213.57437666720915	103.53446293819275
216.68088750990657	103.44073784786852
219.83258359329807	103.34407810824236
223.03012215184378	103.24460429328809
226.2741699796992	103.14245412269864
229.5654035697641	103.0377803844467
232.90450925475412	102.93074873214991
236.2921833503241	102.82153541935706
239.72913230027333	102.7103250234203
243.21607282386276	102.5973081990559
246.75373206527502	102.48267948858857
250.34284774524843	102.36663520370568
253.9841683149166	102.24937138566712
257.67845311188546	102.13108184975036
261.42647251858085	102.01195632483437
265.22900812289896	101.89217870931068
269.08685288119375	101.77192547629576
273.0008112836349	101.65136426911006
276.97169952197106	101.53065272996153
281.00034565973334	101.4099375993763
285.0875898049141	101.28935411156115
289.23428428515797	101.16902569480202
293.44129382550057	101.04906396897094
297.7094957286928	100.92956901456564
302.0397800581479	100.81062987097897
306.4330498235497	100.69232520995831
310.89022116916016	100.57472412320593
315.41222356486645	100.45788695932318
320.00000000000654	100.34186614619432
324.6545071800142	100.22670694427889
329.3767157259242	100.11244809570658
334.16761037677935	99.99912236218891
339.02819019498156	99.8867569773374
343.95946877463007	99.77537406483873
348.9624744528898	99.66499107818316
354.03825052443415	99.5556212949966
359.187855459007	99.44727436043554
364.4123631221491	99.33995683875175
369.71286299913527	99.23367272166766
375.0904604221685	99.128423865548
380.54627680087896	99.02421037253102
386.08144985617537	98.92103096102377
391.6971338574982	98.81888336264147
397.3944998635236	98.71776473949005
403.1747359663683	98.61767207253403
409.0390475393468	98.51860245957482
414.9886574883323	98.42055328897511
421.0248065067734	98.32352230372778
427.1487533344206	98.22750761025378
433.3617750198154	98.13250769572
439.6651671865984	98.0385214950008
446.06024430368984	97.94554851372355
452.54833995940066	97.8535889911655
459.13080713953053	97.7626440877811
465.8090185095106	97.67271609921274
472.58436670065066	97.58380871171161
479.45826460054917	97.49592730672218
486.432145647728	97.40907929352326
493.50746413055253	97.32327441158378
500.6856954904994	97.2385249265309
507.9683366298358	97.15484567059167
515.3569062237735	97.07225395621707
522.8529450371643	96.99076948572305
530.4580162458005	96.91041442024765
538.1737057623901	96.83121371176303
546.0016225672724	96.75319566589764
553.9433990439449	96.67639257178683
562.0006913194694	96.60084119586642
570.1751796098309	96.52658302676548
578.4685685703187	96.4536643170819
586.8825876510039	96.38213607190437
595.4189914573883	96.31205409707648
604.0795601162986	96.24347906730559
612.8660996471021	96.17647644590188
621.780442338323	96.11111610109033
630.8244471297356	96.04747162571627
640.0000000000159	95.985619573596
649.3090143600314	95.925638929862
658.7534314518515	95.86761105718988
668.3352207535618	95.81162016252895
678.0563803899662	95.75775414739068
687.9189375492632	95.70610565568293
697.9249489057827	95.65677322198927
708.0765010488715	95.60986256210103
718.3757109180171	95.56548813569921
728.8247262443015	95.52377511113163
739.425725998274	95.4848618146534
750.1809208443404	95.44890269460753
761.0925536017613	95.41607175191957
772.1628997123541	95.38656620736401
783.3942677149998	95.3606098664283
794.7889997270506	95.33845529044284
806.34947193274	95.32038367604281
818.0780950786972	95.3067014890041
829.9773149766683	95.2977334053654
842.0496130135506	95.29381176751998
854.2975066688449	95.2952632351499
866.7235500396347	95.30239339820677
879.3303343732008	95.31546994009108
892.1204886073838	95.33470486470607
905.0966799188055	95.36023662593702
918.2616142790653	95.39211361301658
931.6180370190256	95.43028090267696
945.1687334013056	95.47457208450027
958.9165292011028	95.5247072478431
972.8642912954606	95.5802972773314
987.0149282611097	95.64085388001828
1001.3713909810035	95.70580442942362
1015.9366732596762	95.77451065777504
1030.7138124475518	95.84629027987717
1045.7058900743334	95.92044066063175
1060.916032491606	95.99626360638712
1076.3474115247852	96.07309024571063
1092.0032451345498	96.15030477507986
1107.8867980878947	96.22736567544986
1124.0013826389438	96.30382298707318
1140.350359219667	96.37933040254198
1156.9371371406426	96.45365120180178
1173.765175302013	96.52665735000801
1190.837982914782	96.5983215428746
1208.1591202326028	96.66870268084173
1225.73219929421	96.73792607898893
1243.5608846766518	96.80616057939567
1261.648894259477	96.87359535466469
1280.0000000000375	96.94041945589743
1298.6180287200684	97.00680688345696
1317.5068629037087	97.07290898090697
1336.6704415071292	97.13885431555734
1356.112760779938	97.20475445556377
1375.8378750985323	97.27071300799595
1395.8498978115715	97.33683529174318
1416.153002097749	97.40323677906143
1436.7514218360407	97.47004943345149
1457.6494524886093	97.53742594323933
1478.8514519965543	97.60554227422897
1500.3618416886875	97.67459875959425
1522.1851072035295	97.74481934144514
1544.3257994247153	97.81644821212053
1566.788535430007	97.88974347510138
1589.5779994541087	97.96496830657779
1612.6989438654878	98.04238089014876
1636.156190157402	98.12222493779856
1659.9546299533442	98.20472288327679
1684.099226027109	98.29007373026504
1708.5950133376978	98.37845688852674
1733.4471000792773	98.47004193331638
1758.6606687464096	98.56500216561254
1784.2409772147755	98.66352808784802
1810.193359837619	98.76583675921226
1836.5232285581387	98.87217475366317
1863.2360740380593	98.98281503483237
1890.3374668026197	99.09804984116619
1917.833058402214	99.21818210576743
1945.7285825909298	99.34351743875409
1974.0298565222283	99.4743574850792
2002.7427819620161	99.61099395943373
2031.8733465193618	99.75370167410466
2061.4276248951132	99.90272904761383
2091.411780148677	100.05828567770196
2121.832064983222	100.22052778680646
2152.694823049581	100.38954277615298
2184.0064902691106	100.56533378448367
2215.7735961758003	100.7478044996252
2248.002765277899	100.93674402457495
2280.7007184393456	101.13181092640066
2313.874274281297	101.33251413963211
2347.530350604038	101.53818833429867
2381.6759658295764	101.74796341719367
2416.318240465218	101.96073063922033
2451.4643985884327	102.17510898195994
2487.1217693533167	102.38941485376584
2523.2977885189675	102.6016375859072
2560.0000000000887	102.80942424234559
2597.236057440151	103.0100797248788
2635.0137258074315	103.20059019682223
2673.340883014273	103.3776766978429
2712.225521559891	103.5378818798264
2751.6757501970797	103.67768889803247
2791.699795623158	103.79366973474824
2832.3060041955137	103.88265943965867
2873.502843672097	103.94195175585322
2915.2989049772345	103.96950534926792
2957.7029039931244	103.96413873649105
3000.723683377391	103.92568156462687
3044.370214407075	103.85505073578715
3088.6515988494466	103.75423612582588
3133.57707086003	103.62620497587385
3179.1559989082334	103.47475208091514
3225.3978877309914	103.3043231893758
3272.3123803148205	103.11982736553591
3319.9092599067053	102.92644335151905
3368.198452054235	102.72942024692331
3417.190026675413	102.53387678502101
3466.8942001585724	102.3446126676598
3517.3213374928373	102.16595365525212
3568.4819544295697	102.00165477834526
3620.386719675257	101.85487720000603
3673.0464571162966	101.72823169210697
3726.472148076138	101.62385648564398
3780.6749336052594	101.54349029282983
3835.6661168044484	101.48852287083837
3891.45716518188	101.46003740680865
3948.059713044477	101.45887239997087
4005.4855639240527	101.48571606608749
4063.746693038744	101.54121017809584
4122.855249790247	101.62602929166472
4182.823560297375	101.74090402217276
4243.664129966465	101.88656686305897
4305.389646099183	102.06360178145079
4368.012980538242	102.27217770486483
4431.5471923516225	102.51166619199398
4496.00553055582	102.78018575772984
4561.401436878714	103.07414520860549
4627.748548562617	103.38786342026667
4695.060701208099	103.7133400039189
4763.351931659176	104.0402414753559
4832.63648093046	104.35615447476815
4902.928797176889	104.64712610147484
4974.243538706657	104.8984650494673
5046.595577037959	105.09574422140682
5120.000000000202	105.22594780036678
5194.472114880326	105.27869985480393
5270.027451614888	105.24747106519777
5346.6817660285715	105.13054398442284
5424.451043119808	104.93146794352023
5503.351500394186	104.65883049187613
5583.399591246343	104.3253507942027
5664.612008391055	103.9465008608005
5747.005687344222	103.53901366488304
5830.597809954497	103.1196284162769
5915.405807986278	102.70422791858827
6001.447366754812	102.3072751835963
6088.740428814181	101.94138142629483
6177.303197698925	101.61699312879603
6267.154141720092	101.34238881530653
6358.3119978165005	101.12416572794966
6450.795775462017	100.96818948439613
6544.624760629676	100.88075725622156
6639.818519813445	100.869653647965
6736.396904108505	100.94493355304586
6834.380053350861	101.11939296834663
6933.788400317181	101.40854322813327
7034.642674985712	101.82951799523352
7136.963908859177	102.39802188262838
7240.773439350552	103.12256212268402
7346.092914232631	103.99600758308463
7452.944296152315	104.98591654185672
7561.349867210557	106.02670988526236
7671.332233608935	107.01795561573122
7782.914330363799	107.83280650451854
7896.119426088994	108.33827453863115
8010.971127848146	108.42444159990279
8127.49338607753	108.03375914943189
8245.710499580537	107.17832665724326
8365.647120594791	105.93693859797315
8487.328259932974	104.43275032038666
8610.77929219841	102.80106759191443
8736.025961076528	101.15999991530578
8863.094384703289	99.59283412830712
8992.011061111683	98.1443545629772
9122.802873757471	96.82768389077846
9255.497097125279	95.63575157352685
9390.121402416245	94.55239189479991
9526.7038633184	93.56051182489078
9665.272961860968	92.64684175698713
9805.857594353829	91.8039861782574
9948.487077413367	91.03077922137759
10093.19115407597	90.33189537144287
10240.000000000457	89.717481103048
10388.944229760706	89.20298480124856
10540.05490322983	88.80858284787193
10693.363532057198	88.55801611407935
10848.902086239672	88.47736531398218
11006.703000788428	88.59423606597421
11166.799182492743	88.93780338799694
11329.224016782166	89.53876672049451
11494.0113746885	90.42630398746618
11661.195619909053	91.61834435418895
11830.811615972614	93.10306954379688
12002.894733509682	94.81616349586054
12177.48085762842	96.61986421813201
12354.606395397908	98.30015915165187
12534.308283440243	99.59765422466637
12716.62399563306	100.27755361323379
12901.591550924093	100.21163981553592
13089.249521259411	99.41287732345315
13279.637039626952	98.00387233156901
13472.793808217073	96.17313476406208
13668.760106701786	94.13102460615501
13867.576800634426	92.05671929529596
14069.285349971487	90.06066847301724
14273.927817718419	88.18405978351073
14481.54687870117	86.42635948098618
14692.18582846533	84.77619528771208
14905.888592304698	83.23407590032299
15122.699734421185	81.82663783808299
15342.664467217943	80.61321858496605
15565.828660727671	79.68576286731165
15792.238852178061	79.15853208011795
16021.942255696367	79.1389291726265
16254.986772155136	79.67673903157882
16491.42099916115	80.70871993969345
16731.294241189662	82.03116763570426
16974.65651986603	83.32423797891131
17221.558584396902	84.22745882143452
17472.051922153143	84.44955592891583
17726.188769406665	83.87008051023784
17984.022122223458	82.56443211319588
18245.605747515034	80.70894517216125
18510.99419425065	78.41000922006813
18780.242804832582	75.5904574879595
19053.40772663689	72.07331631622186
19330.545923722028	67.87632428947697
19611.71518870775	63.4936663758291
19896.974154826825	59.70298163487837
20186.382308152035	56.70967965714756