20	3.5364404804950422
20.290906698750476	3.5260116780257924
20.586044732869844	3.5155879641018366
20.885475648548283	3.5051741720694722
21.189261887185914	3.4947726391737524
21.49746679841394	3.484381629507349
21.810154653305165	3.4739945602217173
22.12739065777668	3.463599473555391
22.449240966187475	3.453179177835003
22.77577269513385	3.4427120666630766
23.107053937445478	3.432173071142832
23.44315377638505	3.421534622143396
23.784142300054445	3.4107677819618254
24.130090616010463	3.399843987206233
24.481070866093134	3.3887368658480996
24.837156241469714	3.3774233087700534
25.1984209978975	3.3658833927677594
25.56494047120865	3.3541001529943086
25.936791093020236	3.342059358935376
26.3140504066728	3.329748882865323
26.69679708340074	3.317158092010026
27.08511093873791	3.304277412874238
27.47907294916184	3.2910980742829867
27.878765268980047	3.277612034637225
28.284271247461966	3.2638120981597085
28.695675446220072	3.2496922241235344
29.11306365684382	3.2352478894419714
29.536522918790062	3.2204760778034154
29.966141537533712	3.2053753220344343
30.402009102982383	3.1899459409127346
30.844216508158908	3.1741904678512363
31.29285596815558	3.1581141227900362
31.74802103936409	3.141724887285655
32.20980663898519	3.125033458804557
32.67830906482211	3.10805278021871
33.153626015361866	3.0907975616712178
33.63585661014871	3.0732837756338314
34.125101410453844	3.055527666728957
34.62146244024586	3.0375446902462544
35.12504320746613	3.0193485025449704
35.635948725613716	3.0009499812547604
36.15428553564419	2.9823564022295916
36.68016172818701	2.9635710505306414
37.21368696608603	2.9445925098679373
37.754972507267915	2.9254145090659147
38.30413122794313	2.906026318694298
38.86127764614443	2.8864127973023375
39.4265279456077	2.866554682912538
40.000000000000206	2.846428528153014
40.58181339750116	2.8260071894934504
41.1720894657399	2.805260728073966
41.77095129709678	2.7841563627220816
42.37852377437204	2.7626587033183956
42.9949335968281	2.7407301249922984
43.62030930661056	2.718331300548871
44.25478131555359	2.695422217958388
44.89848193237519	2.6719627708710862
45.55154539026795	2.647913247550274
46.21410787489121	2.62323488923478
46.88630755277036	2.5978903750116844
47.56828460010916	2.5718439295846043
48.260181232021196	2.5450618546196586
48.962141732186545	2.517512697541408
49.674312482939705	2.4891673808091896
50.39684199579528	2.4599992918915428
51.129880942417586	2.4299838467606776
51.873582186040764	2.399098004562778
52.628100813345895	2.3673197239573875
53.393594166801776	2.3346268578235945
54.17022187747612	2.3009959633254287
54.95814589832399	2.266401346334678
55.75753053796041	2.2308148325915975
56.56854249492426	2.194205762122591
57.39135089244048	2.1565410342406492
58.226127313687975	2.117785027023697
59.073045837580466	2.077899217241452
59.932283075067765	2.036842865731252
60.804018205965114	1.9945734041587222
61.68843301631817	1.951046698273967
62.58571193631152	1.906217365107256
63.49604207872855	1.860039153134681
64.41961327797075	1.8124653967057693
65.35661812964459	1.7634495581875598
66.3072520307241	1.7129458732949059
67.27171322029778	1.660909935677102
68.25020282090806	1.6072988759329345
69.2429248804921	1.5520722385417365
70.25008641493265	1.4951932188595722
71.27189745122783	1.4366299160086338
72.30857107128878	1.3763560629437188
73.36032345637442	1.3143519902084329
74.42737393217246	1.2506064030928046
75.50994501453623	1.1851180518006286
76.60826245588666	1.1178976772903293
77.72255529228926	1.0489679292181855
78.85305589121582	0.9783619842659332
80.00000000000082	0.906121600575825
81.16362679500274	0.8322957490422622
82.34417893148023	0.7569390150460091
83.541902594194	0.6801105339014089
84.75704754874454	0.6018726391535505
85.98986719365665	0.5222902030801306
87.24061861322157	0.4414302497420257
88.50956263110764	0.35936162248963033
89.79696386475084	0.2761546915287253
91.10309078053635	0.19188109192603442
92.42821574978288	0.10661348757565825
93.77261510554118	0.0204253620901389
95.13656920021877	-0.06660894120116778
96.52036246404286	-0.15441348498908292
97.92428346437356	-0.24291036021800838
99.34862496587989	-0.3320187769063453
100.79368399159105	-0.4216546932852653
102.25976188483567	-0.5117305233815287
103.74716437208203	-0.6021546781576688
105.25620162669229	-0.6928311418674848
106.78718833360406	-0.7836597485175926
108.34044375495276	-0.8745364675821405
109.9162917966485	-0.9653534580071378
111.51506107592134	-1.0559991159947408
113.13708498984903	-1.1463588259861897
114.78270178488147	-1.2363159646770248
116.45225462737648	-1.3257534195816403
118.14609167516147	-1.414554444448775
119.86456615013608	-1.5026040911656924
121.60803641193078	-1.5897907670855844
123.3768660326369	-1.6760077101387516
125.17142387262359	-1.7611544181797743
126.99208415745765	-1.8451380706529723
128.83922655594208	-1.9278749805019229
130.71323625928977	-2.0092918497741126
132.61450406144883	-2.0893258030281716
134.5434264405962	-2.1679231911393866
136.50040564181674	-2.2450382171173136
138.48584976098482	-2.320631658785652
140.50017282986593	-2.394669424882345
142.5437949024563	-2.467120401950069
144.61714214257822	-2.5379552537654106
146.7206469127495	-2.6071453642222813
148.8547478643456	-2.674661392454529
151.01989002907314	-2.7404737536581543
153.216524911774	-2.804552795371143
155.4451105845792	-2.866869012351559
157.70611178243232	-2.9273936540067806
160.00000000000236	-2.9860998039584836
162.3272535900062	-3.042964020614593
164.6883578629612	-3.0979683244782446
167.08380518838874	-3.151101694450453
169.51409509748981	-3.202361758414539
171.97973438731407	-3.2517561176684877
174.4812372264439	-3.2993036660509367
177.01912526221608	-3.345034327062229
179.5939277295025	-3.388988822886563
182.20618156107355	-3.4312181467229586
184.85643149956664	-3.4717830467132145
187.54523021108326	-3.510751452055974
190.27313840043846	-3.548195109302078
193.04072492808663	-3.5841874070208726
195.84856692874806	-3.618799544890318
198.69724993176072	-3.6520967051436224
201.58736798318304	-3.684134867619239
204.5195237696723	-3.71495823265422
207.49432874416505	-3.744597233753304
210.5124032533856	-3.7730667678277388
213.57437666720915	-3.80036391794317
216.68088750990657	-3.82646749668334
219.83258359329807	-3.851338782192704
223.03012215184378	-3.8749236321623135
226.2741699796992	-3.897156581775098
229.5654035697641	-3.9179635893378304
232.90450925475412	-3.937265668032181
236.2921833503241	-3.954983674542777
239.72913230027333	-3.971042069377264
243.21607282386276	-3.9853731464466975
246.75373206527502	-3.997919012711833
250.34284774524843	-4.008634525741849
253.9841683149166	-4.017489671466583
257.67845311188546	-4.024471998007068
261.42647251858085	-4.029587887749029
265.22900812289896	-4.032862729062764
269.08685288119375	-4.034340903394626
273.0008112836349	-4.0340836943121445
276.97169952197106	-4.032168304777986
281.00034565973334	-4.028684999556795
285.0875898049141	-4.0237355695194745
289.23428428515797	-4.017430951016555
293.44129382550057	-4.009888733940429
297.7094957286928	-4.001231289187748
302.0397800581479	-3.991585249641412
306.4330498235497	-3.9810789000012505
310.89022116916016	-3.96983919441446
315.41222356486645	-3.957991788271885
320.00000000000654	-3.9456616386202588
324.6545071800142	-3.932976049868243
329.3767157259242	-3.9200664683376414
334.16761037677935	-3.907068599873979
339.02819019498156	-3.8941244267349218
343.95946877463007	-3.881384558536497
348.9624744528898	-3.869009858977315
354.03825052443415	-3.857171793793218
359.187855459007	-3.8460515028338165
364.4123631221491	-3.835839436986455
369.71286299913527	-3.8267349019107924
375.0904604221685	-3.818943514281052
380.54627680087896	-3.8126756649580376
386.08144985617537	-3.808144560525526
391.6971338574982	-3.805564350672208
397.3944998635236	-3.8051454102822544
403.1747359663683	-3.8070865018636115
409.0390475393468	-3.811567771331212
414.9886574883323	-3.8187430520456163
421.0248065067734	-3.8287328947731245
427.1487533344206	-3.84161919198433
433.3617750198154	-3.8574424450023606
439.6651671865984	-3.876197608097942
446.06024430368984	-3.8978329963411307
452.54833995940066	-3.9222540193365485
459.13080713953053	-3.949330600055044
465.8090185095106	-3.9789031933886814
472.58436670065066	-4.010789692615326
479.45826460054917	-4.044794923454019
486.432145647728	-4.080722044661313
493.50746413055253	-4.11838173524964
500.6856954904994	-4.15760277316652
507.9683366298358	-4.198236911555064
515.3569062237735	-4.240160620648009
522.8529450371643	-4.283277148511244
530.4580162458005	-4.3275148673348065
538.1737057623901	-4.372826179037441
546.0016225672724	-4.419182480408131
553.9433990439449	-4.466567331388228
562.0006913194694	-4.514968934582006
570.1751796098309	-4.56437201443986
578.4685685703187	-4.614750241881431
586.8825876510039	-4.666061475546021
595.4189914573883	-4.718240686913968
604.0795601162986	-4.771195223165227
612.8660996471021	-4.824798440450821
621.780442338323	-4.878888103571523
630.8244471297356	-4.933268320820319
640.0000000000159	-4.987712752964698
649.3090143600314	-5.041964553921842
658.7534314518515	-5.095743266234328
668.3352207535618	-5.14875080639702
678.0563803899662	-5.2006787061616695
687.9189375492632	-5.251215050800944
697.9249489057827	-5.300050886692061
708.0765010488715	-5.346884542750881
718.3757109180171	-5.391427689759946
728.8247262443015	-5.433407279707663
739.425725998274	-5.47256857565517
750.1809208443404	-5.508680190749902
761.0925536017613	-5.54153458255961
772.1628997123541	-5.570951988508241
783.3942677149998	-5.596780516895569
794.7889997270506	-5.61889238403718
806.34947193274	-5.63718239441517
818.0780950786972	-5.651565078191856
829.9773149766683	-5.661971544807543
842.0496130135506	-5.668350299375644
854.2975066688449	-5.6706624642123025
866.7235500396347	-5.668875280819986
879.3303343732008	-5.662957882655318
892.1204886073838	-5.652885402732503
905.0966799188055	-5.638644600088895
918.2616142790653	-5.6202337053740825
931.6180370190256	-5.597662252857748
945.1687334013056	-5.570952896963277
958.9165292011028	-5.540143117054299
972.8642912954606	-5.505280258829988
987.0149282611097	-5.4664176837393486
1001.3713909810035	-5.423617917368512
1015.9366732596762	-5.376951401475788
1030.7138124475518	-5.3264988305175285
1045.7058900743334	-5.272349387165401
1060.916032491606	-5.21461004273528
1076.3474115247852	-5.1534058045400775
1092.0032451345498	-5.088873893125603
1107.8867980878947	-5.021162175165379
1124.0013826389438	-4.9504325351440785
1140.350359219667	-4.876864456728553
1156.9371371406426	-4.800650926954164
1173.765175302013	-4.721999724809496
1190.837982914782	-4.64113431675268
1208.1591202326028	-4.558293554457765
1225.73219929421	-4.473714564905683
1243.5608846766518	-4.387620519267515
1261.648894259477	-4.300209171339968
1280.0000000000375	-4.2116475490598
1298.6180287200684	-4.122072567561723
1317.5068629037087	-4.031591345664589
1336.6704415071292	-3.9402719309378975
1356.112760779938	-3.8481421287284645
1375.8378750985323	-3.755188442135401
1395.8498978115715	-3.6613547060183307
1416.153002097749	-3.566547832838054
1436.7514218360407	-3.4706338147038784
1457.6494524886093	-3.3734446544821353
1478.8514519965543	-3.2747881180770158
1500.3618416886875	-3.174444582725903
1522.1851072035295	-3.0721550144331937
1544.3257994247153	-2.9676217489361876
1566.788535430007	-2.860525062114607
1589.5779994541087	-2.750529375202243
1612.6989438654878	-2.6372827362206785
1636.156190157402	-2.520431965080144
1659.9546299533442	-2.3996406370105867
1684.099226027109	-2.274586903513518
1708.5950133376978	-2.144969254356307
1733.4471000792773	-2.010505237062223
1758.6606687464096	-1.8709371824298502
1784.2409772147755	-1.7260384205483532
1810.193359837619	-1.5756174993138465
1836.5232285581387	-1.4195113168994113
1863.2360740380593	-1.2575899832906374
1890.3374668026197	-1.0897736905000812
1917.833058402214	-0.9160256074244468
1945.7285825909298	-0.7363343911995359
1974.0298565222283	-0.5506994787318539
2002.7427819620161	-0.3591389206278597
2031.8733465193618	-0.16170161838543726
2061.4276248951132	0.0415230684433148
2091.411780148677	0.2504006309746669
2121.832064983222	0.46474859689633435
2152.694823049581	0.6843128679360047
2184.0064902691106	0.908730281474186
2215.7735961758003	1.137510682305175
2248.002765277899	1.3700257388014547
2280.7007184393456	1.6054972147549413
2313.874274281297	1.8430151091054543
2347.530350604038	2.0815347248916716
2381.6759658295764	2.3198728521670353
2416.318240465218	2.556731133213518
2451.4643985884327	2.790704380814502
2487.1217693533167	3.020298674428069
2523.2977885189675	3.2439542519007456
2560.0000000000887	3.460082601555966
2597.236057440151	3.6671019293537785
2635.0137258074315	3.863455709261643
2673.340883014273	4.047628325096988
2712.225521559891	4.218150283330649
2751.6757501970797	4.373615424395373
2791.699795623158	4.512719497104582
2832.3060041955137	4.634268585373648
2873.502843672097	4.7372009933696555
2915.2989049772345	4.820636862262105
2957.7029039931244	4.883911348170788
3000.723683377391	4.926580826563824
3044.370214407075	4.948425963887271
3088.6515988494466	4.94944697877563
3133.57707086003	4.929882316475713
3179.1559989082334	4.890180885792129
3225.3978877309914	4.830977230394994
3272.3123803148205	4.753029435835032
3319.9092599067053	4.657167619831036
3368.198452054235	4.544245992147656
3417.190026675413	4.415132241827252
3466.8942001585724	4.270668636207368
3517.3213374928373	4.1116860636799615
3568.4819544295697	3.9389845140194577
3620.386719675257	3.753279250117039
3673.0464571162966	3.5552085923022436
3726.472148076138	3.3454205496749037
3780.6749336052594	3.1246479675481
3835.6661168044484	2.8938125228903817
3891.45716518188	2.654043823268663
3948.059713044477	2.4066180445317746
4005.4855639240527	2.152947734334596
4063.746693038744	1.8945660524955281
4122.855249790247	1.6331181135914405
4182.823560297375	1.3703313390923881
4243.664129966465	1.1079669686916336
4305.389646099183	0.847718045069107
4368.012980538242	0.5911420175116797
4431.5471923516225	0.3396014143429796
4496.00553055582	0.09423341007712262
4561.401436878714	-0.144082371902655
4627.748548562617	-0.3747505016169918
4695.060701208099	-0.5973983251595
4763.351931659176	-0.8118632618588559
4832.63648093046	-1.0181750626256483
4902.928797176889	-1.2164350370778412
4974.243538706657	-1.4067186460945302
5046.595577037959	-1.589087572003807
5120.000000000202	-1.7635259046054577
5194.472114880326	-1.9299684056732926
5270.027451614888	-2.0883536306223247
5346.6817660285715	-2.238679225474867
5424.451043119808	-2.381072104693193
5503.351500394186	-2.515829277908377
5583.399591246343	-2.6433087908013895
5664.612008391055	-2.7638930573392875
5747.005687344222	-2.8780235158011735
5830.597809954497	-2.986203981588545
5915.405807986278	-3.0888914612567473
6001.447366754812	-3.186420515921657
6088.740428814181	-3.2791289124791856
6177.303197698925	-3.3672237610762448
6267.154141720092	-3.4507550338526385
6358.3119978165005	-3.5297442954485443
6450.795775462017	-3.6042873547130725
6544.624760629676	-3.674733103999204
6639.818519813445	-3.741775886253562
6736.396904108505	-3.8065051071627507
6834.380053350861	-3.870329273209959
6933.788400317181	-3.934933684468357
7034.642674985712	-4.002245684557129
7136.963908859177	-4.074475218481603
7240.773439350552	-4.154189928740793
7346.092914232631	-4.244177659711399
7452.944296152315	-4.347450457740508
7561.349867210557	-4.4674169598546705
7671.332233608935	-4.6077217303378974
7782.914330363799	-4.772131059080077
7896.119426088994	-4.964571638231333
8010.971127848146	-5.1888222446994305
8127.49338607753	-5.4480911783344546
8245.710499580537	-5.74463631032796
8365.647120594791	-6.0793436729646135
8487.328259932974	-6.451252330425423
8610.77929219841	-6.857248394140983
8736.025961076528	-7.291403424140467
8863.094384703289	-7.74453691833964
8992.011061111683	-8.203906544946713
9122.802873757471	-8.653458080061046
9255.497097125279	-9.074711894581256
9390.121402416245	-9.448405780214095
9526.7038633184	-9.757129426167277
9665.272961860968	-9.988470916197922
9805.857594353829	-10.137615865767062
9948.487077413367	-10.208732036287326
10093.19115407597	-10.214625723729613
10240.000000000457	-10.174084232214344
10388.944229760706	-10.108297050995052
10540.05490322983	-10.037916705774425
10693.363532057198	-9.980621362894208
10848.902086239672	-9.94987660209052
11006.703000788428	-9.954672980378003
11166.799182492743	-9.999858570885468
11329.224016782166	-10.086870504356067
11494.0113746885	-10.214328402759051
11661.195619909053	-10.378641180332103
11830.811615972614	-10.57433526343241
12002.894733509682	-10.794352429472994
12177.48085762842	-11.030208466777033
12354.606395397908	-11.272522734722596
12534.308283440243	-11.511046710546498
12716.62399563306	-11.735530131456104
12901.591550924093	-11.938172236902874
13089.249521259411	-12.113918584872762
13279.637039626952	-12.258603196511531
13472.793808217073	-12.370119920792416
13668.760106701786	-12.450945383966388
13867.576800634426	-12.507441142034866
14069.285349971487	-12.547559237995204
14273.927817718419	-12.577850715376329
14481.54687870117	-12.601921653012578
14692.18582846533	-12.61947928010309
14905.888592304698	-12.626912882887423
15122.699734421185	-12.61807600098764
15342.664467217943	-12.586459108731352
15565.828660727671	-12.526651234846103
15792.238852178061	-12.435300602014182
16021.942255696367	-12.312178322941158
16254.986772155136	-12.160434702051333
16491.42099916115	-11.98602233965755
16731.294241189662	-11.79655025060782
16974.65651986603	-11.600749346476425
17221.558584396902	-11.40695770560927
17472.051922153143	-11.223371473251545
17726.188769406665	-11.057198891482177
17984.022122223458	-10.914819296059434
18245.605747515034	-10.801534228064666
18510.99419425065	-10.721513171961272
18780.242804832582	-10.678129326356315
19053.40772663689	-10.676556920147188
19330.545923722028	-10.728251008319088
19611.71518870775	-10.852513186652399
19896.974154826825	-11.058398669093423
20186.382308152035	-11.317693845233752